$coord
    5.56203834382540     -4.10834760839522      1.38627612829834  c
    6.25948551598179     -2.74736975841087     -0.72478048784871  c
    5.46406896770103     -0.24224748801292     -0.87217842594936  c
    5.82334030176316      1.51955376651727     -2.72804950846968  n
    4.63389727360699      3.71151705856445     -2.07221677588354  c
    3.46979425030089      3.42649784960553      0.21181704776384  c
    3.99160485670867      0.89870986750873      1.03345649883551  c
    3.34405493520009     -0.51783586095606      3.17182296823426  c
    4.12660239246711     -3.00109088849993      3.32345536115061  c
    3.67615184346949     -4.10650174373450      4.98367892345725  h
    2.27811086627709      0.32207962789751      4.70126075378833  h
    1.80907845160997      5.33169707319165      1.48565093898463  c
   -0.88613282898986      4.57829633922053      0.96830192017685  c
   -2.13730651966933      5.24600183505681     -0.80007748101501  o
   -1.69225545106290      2.86015147123132      2.66493566378830  o
   -4.14770081454334      1.84553551638565      2.43967378150863  c
   -4.16807157939560     -0.91568129961181      1.66000951027426  c
   -6.01766787401299     -1.67060131080754      2.17104789727742  h
   -2.74325372017460     -1.96505857525533      2.71785673366746  h
   -3.79941750724972     -1.59210654141610     -1.09408663350502  n
   -5.48880964246364     -0.07009345708093     -2.75938358629678  c
   -5.35373026182555     -0.79188336871951     -4.67850955693150  h
   -7.43223942376650     -0.23969890519569     -2.10926652462975  h
   -4.90405048353478      1.89766909651068     -2.73846922675524  h
   -1.11542319572099     -1.27184030534915     -1.92307545465960  c
    0.13400311085478     -2.25319693488471     -0.61993965770416  h
   -0.91898951113010     -2.07214210573804     -3.80598017422613  h
   -0.61810949399030      0.71276916089541     -2.00317912882415  h
   -4.46493147611642     -4.32161910351578     -1.35866710080100  c
   -3.26084112020178     -5.44178718513509     -0.12567387135015  h
   -6.43490281674709     -4.61163724650872     -0.85005779374371  h
   -4.17299697230263     -4.90821589226806     -3.30562182441819  h
   -4.95554893560945      1.86579787618545      4.33793364029407  h
   -5.36485544882990      3.01693812852495      1.25991247847129  h
    2.12311616706168      7.20922424759242      0.70180835308896  h
    2.18099707311655      5.40947428490347      3.51247149528610  h
    4.69814138686034      5.34577418986044     -3.28856100925015  h
    6.93434108644460      1.30169112221156     -4.25187949473964  h
    7.40110544134088     -3.59866760271377     -2.19324747342693  h
    6.16730281274684     -6.05175532965412      1.57153109608243  h
$user-defined bonds
$redundant
     number_of_atoms            40
     degrees_of_freedom        114
     internal_coordinates      114
     frozen_coordinates          0
# definitions of redundant internals
   1 k  1.0000000000000 stre   9   10           val=   2.04479
   2 k  0.7071102808853 bend   8   10    9      val=   0.31102
       -0.7071032814705 bend   1   10    9
   3 k  1.0000000000000 outp  10    1    8    9 val=   1.51687
   4 k  1.0000000000000 stre   8   11           val=   2.04472
   5 k  0.7071069679131 bend   9   11    8      val=  -0.27323
       -0.7071065944599 bend   7   11    8
   6 k  1.0000000000000 outp  11    7    9    8 val=  -0.98095
   7 k  1.0000000000000 stre  13   14           val=   2.26681
   8 k  0.7072114038562 bend  15   14   13      val=  -1.46145
       -0.7070021430347 bend  12   14   13
   9 k  1.0000000000000 outp  14   12   15   13 val=   4.00690
  10 k  1.0000000000000 stre  17   19           val=   2.06164
  11 k  1.0000000000000 stre  17   18           val=   2.06206
  12 k  0.0694624976136 bend  18   19   17      val=   1.50517
       -0.5182960098571 bend  16   19   17
       -0.4873970793831 bend  16   18   17
        0.4979808761480 bend  20   19   17
        0.4909209117477 bend  20   18   17
  13 k  0.0630453803986 bend  18   19   17      val=   1.51975
       -0.5229162690528 bend  16   19   17
        0.5333440918700 bend  16   18   17
       -0.4801688752599 bend  20   19   17
        0.4555938832660 bend  20   18   17
  14 k  0.9124643674604 bend  18   19   17      val=   7.67349
       -0.1273655388218 bend  16   19   17
       -0.2056321325659 bend  16   18   17
       -0.2108006183637 bend  20   19   17
       -0.2539002225079 bend  20   18   17
  15 k -0.0099560060398 bend  18   19   17      val=   0.87247
        0.4630844614587 bend  16   19   17
       -0.4733742646418 bend  16   18   17
       -0.5157372917117 bend  20   19   17
        0.5434938003436 bend  20   18   17
  16 k  0.3333333333333 tors  24   21   20   17 val=  65.30735
        0.3333333333333 tors  24   21   20   25
        0.3333333333333 tors  24   21   20   29
        0.3333333333333 tors  22   21   20   17
        0.3333333333333 tors  22   21   20   25
        0.3333333333333 tors  22   21   20   29
        0.3333333333333 tors  23   21   20   17
        0.3333333333333 tors  23   21   20   25
        0.3333333333333 tors  23   21   20   29
  17 k  1.0000000000000 stre  21   24           val=   2.05292
  18 k  1.0000000000000 stre  21   22           val=   2.05482
  19 k  1.0000000000000 stre  21   23           val=   2.05629
  20 k -0.3808690442847 bend  22   24   21      val=   1.50559
       -0.4489923747480 bend  23   24   21
       -0.3749636865095 bend  23   22   21
        0.4022942841197 bend  20   24   21
        0.4327095756174 bend  20   22   21
        0.4045597415175 bend  20   23   21
  21 k  0.6179909225084 bend  22   24   21      val=   0.02827
       -0.0285479144145 bend  23   24   21
       -0.5918237979161 bend  23   22   21
        0.3581383999064 bend  20   24   21
        0.0164464209543 bend  20   22   21
       -0.3721333500914 bend  20   23   21
  22 k  0.3576239900380 bend  22   24   21      val=   0.35875
       -0.6765237024378 bend  23   24   21
        0.4041764970827 bend  23   22   21
       -0.2408598898247 bend  20   24   21
        0.3849662270228 bend  20   22   21
       -0.2117773324050 bend  20   23   21
  23 k  0.3410422519721 bend  22   24   21      val=  -0.04370
        0.0433520830411 bend  23   24   21
       -0.3857190494540 bend  23   22   21
       -0.6384509187249 bend  20   24   21
        0.0759006868110 bend  20   22   21
        0.5653769576796 bend  20   23   21
  24 k -0.2438507946828 bend  22   24   21      val=   0.21767
        0.4036194287106 bend  23   24   21
       -0.1666217499085 bend  23   22   21
       -0.2826432200674 bend  20   24   21
        0.7074590826332 bend  20   22   21
       -0.4116792388584 bend  20   23   21
  25 k  0.3333333333333 tors  28   25   20   17 val=  52.90196
        0.3333333333333 tors  28   25   20   21
        0.3333333333333 tors  28   25   20   29
        0.3333333333333 tors  27   25   20   17
        0.3333333333333 tors  27   25   20   21
        0.3333333333333 tors  27   25   20   29
        0.3333333333333 tors  26   25   20   17
        0.3333333333333 tors  26   25   20   21
        0.3333333333333 tors  26   25   20   29
  26 k  1.0000000000000 stre  25   28           val=   2.04754
  27 k  1.0000000000000 stre  25   27           val=   2.05533
  28 k  1.0000000000000 stre  25   26           val=   2.05482
  29 k -0.3671250030508 bend  27   28   25      val=   1.23915
       -0.4341296155313 bend  26   28   25
       -0.4086964247512 bend  26   27   25
        0.4199098977129 bend  20   28   25
        0.4210646515068 bend  20   27   25
        0.3950926201581 bend  20   26   25
  30 k  0.6407917476498 bend  27   28   25      val=   0.05048
       -0.0288846819762 bend  26   28   25
       -0.5645700980478 bend  26   27   25
        0.3387482156474 bend  20   28   25
        0.0124236835590 bend  20   27   25
       -0.3935829190448 bend  20   26   25
  31 k  0.3309666621540 bend  27   28   25      val=   0.34862
       -0.6873562904510 bend  26   28   25
        0.4097550937636 bend  26   27   25
       -0.2388035035912 bend  20   28   25
        0.3954660523212 bend  20   27   25
       -0.1915271515712 bend  20   26   25
  32 k -0.4186051761119 bend  27   28   25      val=   0.36193
        0.2387426060604 bend  26   28   25
        0.1756256539299 bend  26   27   25
        0.2839767348167 bend  20   28   25
        0.4190092051190 bend  20   27   25
       -0.6933367178896 bend  20   26   25
  33 k -0.0474241926339 bend  27   28   25      val=   0.75428
       -0.3265002961017 bend  26   28   25
        0.3839183198170 bend  26   27   25
        0.6389104505055 bend  20   28   25
       -0.5747481655496 bend  20   27   25
       -0.0722025535529 bend  20   26   25
  34 k  0.3333333333333 tors  32   29   20   17 val=  61.70281
        0.3333333333333 tors  32   29   20   21
        0.3333333333333 tors  32   29   20   25
        0.3333333333333 tors  31   29   20   17
        0.3333333333333 tors  31   29   20   21
        0.3333333333333 tors  31   29   20   25
        0.3333333333333 tors  30   29   20   17
        0.3333333333333 tors  30   29   20   21
        0.3333333333333 tors  30   29   20   25
  35 k  1.0000000000000 stre  29   32           val=   2.05425
  36 k  1.0000000000000 stre  29   31           val=   2.05514
  37 k  1.0000000000000 stre  29   30           val=   2.05545
  38 k -0.4031736800184 bend  31   32   29      val=   1.15973
       -0.3906550770152 bend  30   32   29
       -0.4184029483826 bend  30   31   29
        0.4182012635900 bend  20   32   29
        0.4071127929470 bend  20   31   29
        0.4112729559284 bend  20   30   29
  39 k -0.4776929226714 bend  31   32   29      val=   0.17021
        0.6862321529768 bend  30   32   29
       -0.1884201683580 bend  30   31   29
        0.1129117013588 bend  20   32   29
       -0.4132550572641 bend  20   31   29
        0.2861187679065 bend  20   30   29
  40 k  0.5149092532113 bend  31   32   29      val=   0.10348
        0.1745233463421 bend  30   32   29
       -0.6679096850292 bend  30   31   29
        0.3929185061426 bend  20   32   29
       -0.1046217834277 bend  20   31   29
       -0.3049197355801 bend  20   30   29
  41 k  0.3675950778071 bend  31   32   29      val=  -0.10443
       -0.3595443280652 bend  30   32   29
       -0.0104216905082 bend  30   31   29
       -0.0193342320631 bend  20   32   29
       -0.5952319048230 bend  20   31   29
        0.6171047644010 bend  20   30   29
  42 k -0.1970786622337 bend  31   32   29      val=   0.06207
       -0.2199406955563 bend  30   32   29
        0.4145829894523 bend  30   31   29
        0.7039400529194 bend  20   32   29
       -0.3655510730750 bend  20   31   29
       -0.3342870788061 bend  20   30   29
  43 k  1.0000000000000 stre  16   34           val=   2.06046
  44 k  1.0000000000000 stre  16   33           val=   2.06311
  45 k  0.0117141955428 bend  33   34   16      val=   1.31604
        0.5229602688983 bend  15   34   16
        0.4805937994026 bend  15   33   16
       -0.5383417450366 bend  17   34   16
       -0.4534237535720 bend  17   33   16
  46 k  0.1342279227847 bend  33   34   16      val=   3.31912
       -0.5261296873715 bend  15   34   16
        0.5035523091061 bend  15   33   16
       -0.4662552848866 bend  17   34   16
        0.4839540248004 bend  17   33   16
  47 k  0.8965844955496 bend  33   34   16      val=   2.27013
       -0.1587107092884 bend  15   34   16
       -0.2712538749562 bend  15   33   16
       -0.1434027818553 bend  17   34   16
       -0.2771355815744 bend  17   33   16
  48 k -0.0125272963821 bend  33   34   16      val=   0.89117
       -0.4436018625377 bend  15   34   16
        0.5165231326760 bend  15   33   16
        0.4890221773522 bend  17   34   16
       -0.5450886330375 bend  17   33   16
  49 k  1.0000000000000 stre  12   35           val=   2.05867
  50 k  1.0000000000000 stre  12   36           val=   2.06213
  51 k  0.0631059370306 bend  36   35   12      val=   1.46825
       -0.5022150983421 bend   6   35   12
       -0.5076115971504 bend   6   36   12
        0.4816842461968 bend  13   35   12
        0.5040916475334 bend  13   36   12
  52 k  0.0219881838973 bend  36   35   12      val=   0.53191
        0.5164842077936 bend   6   35   12
       -0.5220034725327 bend   6   36   12
        0.4835372148683 bend  13   35   12
       -0.4758830942258 bend  13   36   12
  53 k -0.8870125563334 bend  36   35   12      val=   2.67950
        0.2053438560528 bend   6   35   12
        0.1900297078386 bend   6   36   12
        0.2706115013561 bend  13   35   12
        0.2483963589926 bend  13   36   12
  54 k -0.0039096180915 bend  36   35   12      val=   0.72315
        0.4885871784376 bend   6   35   12
       -0.4711608902271 bend   6   36   12
       -0.5244932796677 bend  13   35   12
        0.5139858938303 bend  13   36   12
  55 k  1.0000000000000 stre   5   37           val=   2.03824
  56 k  0.7071069891960 bend   6   37    5      val=   4.06460
       -0.7071065731770 bend   4   37    5
  57 k  1.0000000000000 outp  37    4    6    5 val=  -0.04371
  58 k  1.0000000000000 stre   4   38           val=   1.89838
  59 k -0.7071008703149 bend   5   38    4      val=   0.28056
        0.7071126920088 bend   3   38    4
  60 k  1.0000000000000 outp  38    3    5    4 val=  -4.71410
  61 k  1.0000000000000 stre   2   39           val=   2.04558
  62 k  0.7071068052336 bend   1   39    2      val=  -0.37068
       -0.7071067571395 bend   3   39    2
  63 k  1.0000000000000 outp  39    3    1    2 val=   0.62581
  64 k  1.0000000000000 stre   1   40           val=   2.04389
  65 k  0.7071084825350 bend   2   40    1      val=  -0.00834
       -0.7071050798340 bend   9   40    1
  66 k  1.0000000000000 outp  40    9    2    1 val=  -1.19501
  67 k  0.5773502691896 tors  21   20   17   16 val=  72.38891
        0.5773502691896 tors  29   20   17   16
        0.5773502691896 tors  25   20   17   16
  68 k  1.0000000000000 stre  20   21           val=   2.81847
  69 k  1.0000000000000 stre  20   29           val=   2.82191
  70 k  1.0000000000000 stre  20   25           val=   2.82730
  71 k  0.3725330598809 bend  29   21   20      val=   0.28367
        0.5216397408582 bend  25   21   20
        0.3190243451723 bend  25   29   20
       -0.3409500806430 bend  17   21   20
       -0.4754701732554 bend  17   29   20
       -0.3808093014811 bend  17   25   20
  72 k  0.2299454005799 bend  29   21   20      val=   1.59495
       -0.4721263424302 bend  25   21   20
        0.4894457268757 bend  25   29   20
       -0.4592222080880 bend  17   21   20
        0.4823321482786 bend  17   29   20
       -0.2028185699450 bend  17   25   20
  73 k  0.6643632708038 bend  29   21   20      val=   0.44559
       -0.1800065135268 bend  25   21   20
       -0.4785535915139 bend  25   29   20
        0.3181727178202 bend  17   21   20
        0.1159684288695 bend  17   29   20
       -0.4272271113640 bend  17   25   20
  74 k  0.1792564435808 bend  29   21   20      val=   1.46835
       -0.5359086918569 bend  25   21   20
        0.4038787042706 bend  25   29   20
        0.3777908804677 bend  17   21   20
       -0.5869266859934 bend  17   29   20
        0.1741898664330 bend  17   25   20
  75 k  0.4235560186387 bend  29   21   20      val=   1.05328
       -0.0860293586364 bend  25   21   20
       -0.3334659549734 bend  25   29   20
       -0.5016518684779 bend  17   21   20
       -0.1503545315035 bend  17   29   20
        0.6540172957271 bend  17   25   20
  76 k  1.0000000000000 tors  20   17   16   15 val= -79.89554
  77 k  1.0000000000000 stre  17   20           val=   2.85981
  78 k  1.0000000000000 bend  16   20   17      val= 119.23504
  79 k  1.0000000000000 tors  17   16   15   13 val= 110.19010
  80 k  1.0000000000000 stre  16   17           val=   2.86925
  81 k  1.0000000000000 bend  15   17   16      val= 113.30924
  82 k  1.0000000000000 tors  16   15   13   12 val= 182.36408
  83 k  1.0000000000000 stre  15   16           val=   2.66635
  84 k  1.0000000000000 bend  13   16   15      val= 119.48130
  85 k  1.0000000000000 tors  15   13   12    6 val=  85.22745
  86 k  1.0000000000000 stre  13   15           val=   2.54567
  87 k  1.0000000000000 bend  12   15   13      val= 110.94116
  88 k  0.7071067811865 tors  13   12    6    5 val=  11.69215
        0.7071067811865 tors  13   12    6    7
  89 k  1.0000000000000 stre  12   13           val=   2.84595
  90 k  1.0000000000000 bend   6   13   12      val= 107.19789
  91 k  1.0000000000000 stre   6   12           val=   2.83027
  92 k  0.7071810917730 bend   5   12    6      val=  -0.54835
       -0.7070324627899 bend   7   12    6
  93 k  1.0000000000000 outp  12    7    5    6 val=  -3.53425
  94 k  1.0000000000000 stre   3    2           val=   2.63250
  95 k  1.0000000000000 stre   2    1           val=   2.60677
  96 k  1.0000000000000 stre   1    9           val=   2.65314
  97 k  1.0000000000000 stre   9    8           val=   2.60805
  98 k  1.0000000000000 stre   8    7           val=   2.64547
  99 k -0.2886751345948 bend   7    2    3      val=   0.06080
       -0.2886751345948 bend   3    1    2
        0.5773502691896 bend   2    9    1
       -0.2886751345948 bend   1    8    9
       -0.2886751345948 bend   9    7    8
        0.5773502691896 bend   8    3    7
 100 k  0.5000000000000 bend   7    2    3      val=   1.76701
       -0.5000000000000 bend   3    1    2
        0.5000000000000 bend   1    8    9
       -0.5000000000000 bend   9    7    8
 101 k -0.4082482904639 bend   7    2    3      val=  -0.80770
        0.4082482904639 bend   3    1    2
       -0.4082482904639 bend   2    9    1
        0.4082482904639 bend   1    8    9
       -0.4082482904639 bend   9    7    8
        0.4082482904639 bend   8    3    7
 102 k -0.2886751345948 tors   3    2    1    9 val=   0.03225
       -0.2886751345948 tors   2    1    9    8
        0.5773502691896 tors   1    9    8    7
       -0.2886751345948 tors   9    8    7    3
       -0.2886751345948 tors   8    7    3    2
        0.5773502691896 tors   7    3    2    1
 103 k  0.5000000000000 tors   3    2    1    9 val=  -0.91933
       -0.5000000000000 tors   2    1    9    8
        0.5000000000000 tors   9    8    7    3
       -0.5000000000000 tors   8    7    3    2
 104 k -0.4082482904639 tors   3    2    1    9 val=  -0.31569
        0.4082482904639 tors   2    1    9    8
       -0.4082482904639 tors   1    9    8    7
        0.4082482904639 tors   9    8    7    3
       -0.4082482904639 tors   8    7    3    2
        0.4082482904639 tors   7    3    2    1
 105 k  1.0000000000000 stre   3    4           val=   2.58404
 106 k  1.0000000000000 stre   4    5           val=   2.57868
 107 k  1.0000000000000 stre   5    6           val=   2.57938
 108 k  1.0000000000000 stre   6    7           val=   2.70871
 109 k -0.5116672736017 bend   7    4    3      val=   0.46512
        0.1954395075848 bend   3    5    4
        0.1954395075848 bend   4    6    5
       -0.5116672736017 bend   5    7    6
        0.6324555320337 bend   6    3    7
 110 k  0.3717480344602 bend   7    4    3      val=   0.28275
       -0.6015009550075 bend   3    5    4
        0.6015009550075 bend   4    6    5
       -0.3717480344602 bend   5    7    6
 111 k -0.5116672736017 tors   4    5    6    7 val=  -0.16190
        0.1954395075848 tors   5    6    7    3
        0.1954395075848 tors   6    7    3    4
       -0.5116672736017 tors   7    3    4    5
        0.6324555320337 tors   3    4    5    6
 112 k  0.3717480344602 tors   4    5    6    7 val=   0.48150
       -0.6015009550075 tors   5    6    7    3
        0.6015009550075 tors   6    7    3    4
       -0.3717480344602 tors   7    3    4    5
 113 k  0.7071067811865 tors   8    7    3    6 val= 179.05616
        0.7071067811865 tors   2    7    3    4
 114 k  1.0000000000000 stre   3    7           val=   2.66484
       114 non zero eigenvalues  of BmBt
           1          10.531870541    1    0
         1
           2           6.347474873    2    0
         2
           3           6.145802896    3    0
         3
           4           5.378109412    4    0
         4
           5           4.989622009    5    0
         5
           6           4.747774279    6    0
         6
           7           4.553357753    7    0
         7
           8           4.383977079    8    0
         8
           9           4.319889261    9    0
         9
          10           4.169715503   10    0
        10
          11           4.106122694   11    0
        11
          12           4.070698329   12    0
        12
          13           4.016126078   13    0
        13
          14           3.845867221   14    0
        14
          15           3.722184147   15    0
        15
          16           3.687808250   16    0
        16
          17           3.646038551   17    0
        17
          18           3.544166266   18    0
        18
          19           3.519621582   19    0
        19
          20           3.508676867   20    0
        20
          21           3.354307735   21    0
        21
          22           3.329702014   22    0
        22
          23           3.283454831   23    0
        23
          24           3.262379640   24    0
        24
          25           3.175289376   25    0
        25
          26           3.101057556   26    0
        26
          27           3.036644402   27    0
        27
          28           2.972669022   28    0
        28
          29           2.856644577   29    0
        29
          30           2.705149638   30    0
        30
          31           2.666578290   31    0
        31
          32           2.447845005   32    0
        32
          33           2.316872108   33    0
        33
          34           2.153344012   34    0
        34
          35           2.131613185   35    0
        35
          36           2.055092080   36    0
        36
          37           1.956751269   37    0
        37
          38           1.801806839   38    0
        38
          39           1.729394896   39    0
        39
          40           1.719638032   40    0
        40
          41           1.688466476   41    0
        41
          42           1.665084708   42    0
        42
          43           1.481044511   43    0
        43
          44           1.414888746   44    0
        44
          45           1.323604863   45    0
        45
          46           1.249105143   46    0
        46
          47           1.130609578   47    0
        47
          48           0.997801318   48    0
        48
          49           0.933156214   49    0
        49
          50           0.889155012   50    0
        50
          51           0.875119704   51    0
        51
          52           0.867246717   52    0
        52
          53           0.866875765   53    0
        53
          54           0.862716761   54    0
        54
          55           0.848764199   55    0
        55
          56           0.822584884   56    0
        56
          57           0.804076928   57    0
        57
          58           0.773209089   58    0
        58
          59           0.763529817   59    0
        59
          60           0.744425730   60    0
        60
          61           0.719736681   61    0
        61
          62           0.718767046   62    0
        62
          63           0.717905206   63    0
        63
          64           0.698930437   64    0
        64
          65           0.692749277   65    0
        65
          66           0.670312173   66    0
        66
          67           0.667170992   67    0
        67
          68           0.612589480   68    0
        68
          69           0.533924922   69    0
        69
          70           0.508283395   70    0
        70
          71           0.440202838   71    0
        71
          72           0.420828358   72    0
        72
          73           0.392088404   73    0
        73
          74           0.385220707   74    0
        74
          75           0.381393747   75    0
        75
          76           0.367962433   76    0
        76
          77           0.365752995   77    0
        77
          78           0.360791116   78    0
        78
          79           0.343006570   79    0
        79
          80           0.341288358   80    0
        80
          81           0.328995902   81    0
        81
          82           0.321032951   82    0
        82
          83           0.308242384   83    0
        83
          84           0.301157236   84    0
        84
          85           0.295077700   85    0
        85
          86           0.285924427   86    0
        86
          87           0.276310992   87    0
        87
          88           0.267869213   88    0
        88
          89           0.259729573   89    0
        89
          90           0.250731397   90    0
        90
          91           0.181722326   91    0
        91
          92           0.175701318   92    0
        92
          93           0.144451663   93    0
        93
          94           0.136769993   94    0
        94
          95           0.118080108   95    0
        95
          96           0.113030719   96    0
        96
          97           0.102287294   97    0
        97
          98           0.093339904   98    0
        98
          99           0.088064122   99    0
        99
         100           0.071514630  100    0
       100
         101           0.064281133  101    0
       101
         102           0.063297911  102    0
       102
         103           0.059094623  103    0
       103
         104           0.056132725  104    0
       104
         105           0.051066589  105    0
       105
         106           0.042488915  106    0
       106
         107           0.037939170  107    0
       107
         108           0.024792862  108    0
       108
         109           0.021234674  109    0
       109
         110           0.009890646  110    0
       110
         111           0.005418098  111    0
       111
         112           0.002742656  112    0
       112
         113           0.001555907  113    0
       113
         114           0.000828164  114    0
       114
$end
