$coord
    5.06221682416901     -0.17382874414231      0.00000000000000       n
    2.49176854715632      0.19769199777421      0.00000000000000       c
    1.47783580601575     -2.23789544523125      0.00000000000000       c
    3.33473653748001     -4.05868052468664      0.00000000000000       n
    5.45284504046590     -2.72924016802518      0.00000000000000       c
   -1.17390710937828     -2.39694853418868      0.00000000000000       c
   -2.51810666171007     -0.25828119046694      0.00000000000000       n
   -1.27365849494895      1.96435403600656      0.00000000000000       c
    1.21350201174425      2.37782227593064      0.00000000000000       n
   -2.46293264930281      3.62899027099641      0.00000000000000       h
   -2.38871512974451     -4.64107948981610      0.00000000000000       n
    6.38817770370624      1.19209698944430      0.00000000000000       h
    7.32707731949312     -3.52706441536865      0.00000000000000       h
   -1.39414333194940     -6.25580289890226      0.00000000000000       h
   -4.28544892575823     -4.66621708026014      0.00000000000000       h
$end
