$coord
   -2.20447769003402     -0.53320278019459      0.00000000000000  c
    0.27895908774518      0.46743764368903      0.00000000000000  c
    0.64536132093786      3.09305110302555      0.00000000000000  c
    2.51345755579679      3.91331756220368      0.00000000000000  h
   -1.41946194915068      4.65984530833274      0.00000000000000  c
   -1.12989849823293      6.68271233506531      0.00000000000000  h
   -3.89441034899116      3.69524522422543      0.00000000000000  c
   -5.48236215587599      4.97938819771255      0.00000000000000  h
   -4.27833773265108      1.14390739630240      0.00000000000000  c
   -6.17166972794726      0.37190427225284      0.00000000000000  h
   -2.53512118842198     -3.16670319983810      0.00000000000000  c
   -0.47585795559917     -4.73852122471343      0.00000000000000  c
   -4.42896351822133     -3.94116052490363      0.00000000000000  h
    1.91858708810688     -3.67492332342231      0.00000000000000  c
   -0.66124220120354     -6.76986674774598      0.00000000000000  h
    2.28092750108784     -1.19365645063413      0.00000000000000  n
    3.59354638967134     -4.84212224578482      0.00000000000000  h
    4.87061861581155     -0.21131627826797      0.00000000000000  c
    5.19533891642369      0.92251884429636     -1.68299498249881  h
    6.18966757432430     -1.78037395589726      0.00000000000000  h
    5.19533891642369      0.92251884429636      1.68299498249881  h
$user-defined bonds
$redundant
     number_of_atoms            21
     degrees_of_freedom         38
     internal_coordinates       38
     frozen_coordinates          0
# definitions of redundant internals
   1 k  1.0000000000000 stre  11   12           val=   2.59059
   2 k  1.0000000000000 stre   5    6           val=   2.04349
   3 k  1.0000000000000 stre   7    8           val=   2.04221
   4 k  1.0000000000000 stre  11   13           val=   2.04608
   5 k  1.0000000000000 stre  12   15           val=   2.03979
   6 k  1.0000000000000 stre  14   17           val=   2.04153
   7 k  1.0000000000000 stre  18   20           val=   2.04984
   8 k  1.0000000000000 stre  16   18           val=   2.76975
   9 k  1.0000000000000 stre   3    4           val=   2.04025
  10 k  1.0000000000000 stre  12   14           val=   2.62004
  11 k  1.0000000000000 stre  14   16           val=   2.50758
  12 k  1.0000000000000 stre  16    2           val=   2.60137
  13 k  1.0000000000000 stre   1    9           val=   2.66713
  14 k  1.0000000000000 stre   9    7           val=   2.58006
  15 k  1.0000000000000 stre   3    2           val=   2.65106
  16 k  1.0000000000000 stre   1   11           val=   2.65418
  17 k  1.0000000000000 stre   7    5           val=   2.65628
  18 k  1.0000000000000 stre   5    3           val=   2.59198
  19 k  1.0000000000000 stre   9   10           val=   2.04467
  20 k  1.0000000000000 stre   1    2           val=   2.67745
  21 k -0.4082482904639 bend   2   11    1      val=   0.27580
        0.4082482904639 bend   1   12   11
       -0.4082482904639 bend  11   14   12
        0.4082482904639 bend  12   16   14
       -0.4082482904639 bend  14    2   16
        0.4082482904639 bend  16    1    2
  22 k -0.3968305781812 bend  19   20   18      val=   0.36556
       -0.3968305781812 bend  21   20   18
       -0.4302053136292 bend  21   19   18
        0.4170230854020 bend  16   20   18
        0.4037735248922 bend  16   19   18
        0.4037735248922 bend  16   21   18
  23 k -0.4082482904639 bend   2    9    1      val=   0.60333
        0.4082482904639 bend   1    7    9
       -0.4082482904639 bend   9    5    7
        0.4082482904639 bend   7    3    5
       -0.4082482904639 bend   5    2    3
        0.4082482904639 bend   3    1    2
  24 k  1.4142135623731 stre  18   21           val=   2.05511
  25 k  0.7071067811865 bend  11   15   12      val=   1.48737
       -0.7071067811865 bend  14   15   12
  26 k -0.7071067811865 bend   5    4    3      val=   1.27371
        0.7071067811865 bend   2    4    3
  27 k  0.7071067811865 bend   9    8    7      val=   0.32944
       -0.7071067811865 bend   5    8    7
  28 k -0.7071067811865 bend  16   17   14      val=   2.30806
        0.7071067811865 bend  12   17   14
  29 k  0.7071067811865 bend  12   13   11      val=   0.50346
       -0.7071067811865 bend   1   13   11
  30 k -0.7071067811865 bend   7   10    9      val=  -0.94302
        0.7071067811865 bend   1   10    9
  31 k -0.7071067811865 bend   3    6    5      val=   0.19716
        0.7071067811865 bend   7    6    5
  32 k  0.3617495684954 bend  19   20   18      val=   0.19439
        0.3617495684954 bend  21   20   18
       -0.6804504049575 bend  21   19   18
        0.4189516015995 bend  16   20   18
       -0.2233173765039 bend  16   19   18
       -0.2233173765039 bend  16   21   18
  33 k  0.5000000000000 bend   2   11    1      val=  -0.05316
       -0.5000000000000 bend   1   12   11
        0.5000000000000 bend  12   16   14
       -0.5000000000000 bend  14    2   16
  34 k  0.5000000000000 bend   2    9    1      val=   0.23904
       -0.5000000000000 bend   1    7    9
        0.5000000000000 bend   7    3    5
       -0.5000000000000 bend   5    2    3
  35 k -0.2886751345948 bend   2   11    1      val=  -1.10024
       -0.2886751345948 bend   1   12   11
        0.5773502691896 bend  11   14   12
       -0.2886751345948 bend  12   16   14
       -0.2886751345948 bend  14    2   16
        0.5773502691896 bend  16    1    2
  36 k -0.2886751345948 bend   2    9    1      val=  -0.09717
       -0.2886751345948 bend   1    7    9
        0.5773502691896 bend   9    5    7
       -0.2886751345948 bend   7    3    5
       -0.2886751345948 bend   5    2    3
        0.5773502691896 bend   3    1    2
  37 k -0.7071067811865 bend  14   18   16      val=   0.23104
        0.7071067811865 bend   2   18   16
  38 k -0.2159693718875 bend  19   20   18      val=   0.06113
       -0.2159693718863 bend  21   20   18
        0.4264224232532 bend  21   19   18
        0.6974685738255 bend  16   20   18
       -0.3452650911148 bend  16   19   18
       -0.3452650911167 bend  16   21   18
        38 non zero eigenvalues  of BmBt
           1           4.797205580    1    0
         1
           2           4.317787754    2    0
         2
           3           4.093811708    3    0
         3
           4           4.039312259    4    0
         4
           5           3.836202938    5    0
         5
           6           3.583614360    6    0
         6
           7           3.442299992    7    0
         7
           8           3.315404714    8    0
         8
           9           3.218710226    9    0
         9
          10           3.162968228   10    0
        10
          11           2.926761027   11    0
        11
          12           2.828220142   12    0
        12
          13           2.441403972   13    0
        13
          14           2.116631663   14    0
        14
          15           1.958781029   15    0
        15
          16           1.835283323   16    0
        16
          17           1.746708274   17    0
        17
          18           1.697849708   18    0
        18
          19           1.431039781   19    0
        19
          20           1.279567614   20    0
        20
          21           0.969222669   21    0
        21
          22           0.889769814   22    0
        22
          23           0.799644652   23    0
        23
          24           0.711462568   24    0
        24
          25           0.442738319   25    0
        25
          26           0.414141667   26    0
        26
          27           0.385083149   27    0
        27
          28           0.375035739   28    0
        28
          29           0.336867515   29    0
        29
          30           0.332762206   30    0
        30
          31           0.317759985   31    0
        31
          32           0.307263560   32    0
        32
          33           0.274767436   33    0
        33
          34           0.211455001   34    0
        34
          35           0.139528724   35    0
        35
          36           0.115588850   36    0
        36
          37           0.071456589   37    0
        37
          38           0.020829095   38    0
        38
$end
