$coord
    3.56456440963365      2.69522344833886      4.18920060911926  c
    1.23134625079741      1.72334951651828      3.87424057036511  n
    0.23158552047016      1.39657247328077      1.55918300675032  c
    1.65876138366427      2.00377796369250     -0.56731306037797  c
    4.05091332615387      2.99950668614431     -0.25609514937133  c
    5.17882298000285      3.47996149699738     -1.89361372962674  h
    5.01107290307853      3.37094348241305      2.15722418386796  c
    6.87018321960566      4.15286290583964      2.46566011798561  h
   -3.62626395011118      1.70217140081068     -0.96537764161097  c
   -6.15918355871765      2.36771491786443     -0.87631702685172  c
   -7.27220081504541      1.96253615630713      0.79386578269436  h
   -7.27736062723150      3.55211941468388     -2.92993380340489  c
   -9.25313388702020      4.06791535950562     -2.85644677858587  h
   -5.85644308879012      4.08572056540823     -5.06526161469683  c
   -3.31809607917851      3.43570127301517     -5.14865616647432  c
   -2.20804404576185      3.86964372788244     -6.81276633598299  h
   -2.20018271282556      2.23704690211693     -3.10530877073465  c
    0.52894004263459      1.44166669884452     -3.10810273619241  c
   -2.37186488791512      0.32813785189450      1.19542470324534  c
   -2.24356762711080     -2.60697697838481      0.72935572382289  c
   -3.51189672560572      0.64980123023351      2.88057815107948  h
    0.84461080186674     -1.43333473747712     -3.80606247237796  c
    1.54503157892364      2.54853582669923     -4.52146111440680  h
    4.21650528814159      2.90555167203346      6.11002188196196  h
   -6.72068594297298      5.02052857134892     -6.66367752056868  h
    4.55288991135702     -7.38741736110005      3.56143109621308  h
    3.81339302121833     -6.17515040813284      2.09148867928594  c
    1.39147580660378     -5.19336998629382      2.29200537320661  c
    0.24582391626929     -5.67524422364831      3.92150868033091  h
    0.37961058624701     -3.65577463795872      0.41619135466207  c
    1.83749129233997     -3.09539849658779     -1.72303323474434  c
    4.26118894373573     -4.09088009232577     -1.90211141894019  c
    5.38930679276074     -3.68466483321894     -3.56160618226897  h
    5.25551216928716     -5.61810843633668     -0.01783157709538  c
    7.13977983132584     -6.38535882074704     -0.21329905797560  h
    2.12385829875445     -1.56031317189248     -5.41517407621806  h
   -0.97450426843726     -2.13647154787807     -4.48155395894238  h
   -3.40309700228424     -3.03117319859254     -0.92362712677928  h
   -3.16065255480124     -3.55373401963743      2.31343279263738  h
   -0.18735060309800      0.96546424461348      6.13268951814221  c
   -0.75142286202899     -1.00278476463078      5.97454284474881  h
   -1.84237446148880      2.15807979507175      6.37640099437154  h
    1.01565742555303      1.16562213328436      7.78018448973772  h
$user-defined bonds
$redundant
     number_of_atoms            43
     degrees_of_freedom        123
     internal_coordinates      135
     frozen_coordinates          0
# definitions of redundant internals
   1 k  1.0000000000000 stre   5    6           val=   2.04560
   2 k -0.7071067704681 bend   4    6    5      val=   0.05678
        0.7071067919050 bend   7    6    5
   3 k  1.0000000000000 outp   6    7    4    5 val=   0.28542
   4 k  1.0000000000000 stre   7    8           val=   2.04030
   5 k -0.7071061011101 bend   1    8    7      val=   1.17736
        0.7071074612623 bend   5    8    7
   6 k  1.0000000000000 outp   8    5    1    7 val=  -0.68680
   7 k  1.0000000000000 stre  10   11           val=   2.04756
   8 k  0.7071067818794 bend   9   11   10      val=   0.20814
       -0.7071067804937 bend  12   11   10
   9 k  1.0000000000000 outp  11   12    9   10 val=   0.08933
  10 k  1.0000000000000 stre  12   13           val=   2.04331
  11 k  0.7071068292087 bend  14   13   12      val=   0.13118
       -0.7071067331644 bend  10   13   12
  12 k  1.0000000000000 outp  13   10   14   12 val=   0.34093
  13 k  1.0000000000000 stre  15   16           val=   2.04690
  14 k -0.7071067775154 bend  17   16   15      val=  -0.04489
        0.7071067848577 bend  14   16   15
  15 k  1.0000000000000 outp  16   14   17   15 val=   0.10638
  16 k  1.0000000000000 stre  19   21           val=   2.05983
  17 k  0.5815534331292 bend   3   21   19      val=   2.14502
        0.2210727213073 bend   9   21   19
       -0.7828936430381 bend  20   21   19
  18 k -0.5789191131987 bend   3   21   19      val=  -0.83624
        0.7885780204622 bend   9   21   19
       -0.2073580623394 bend  20   21   19
  19 k  1.0000000000000 stre  18   23           val=   2.06281
  20 k -0.2952940554657 bend   4   23   18      val=   0.73492
        0.8083655860762 bend  17   23   18
       -0.5092607387717 bend  22   23   18
  21 k  0.7668499994191 bend   4   23   18      val=   1.40124
       -0.1173934426522 bend  17   23   18
       -0.6309990950970 bend  22   23   18
  22 k  1.0000000000000 stre   1   24           val=   2.03932
  23 k  0.7071068259256 bend   7   24    1      val=   2.83316
       -0.7071067364475 bend   2   24    1
  24 k  1.0000000000000 outp  24    2    7    1 val=   0.02582
  25 k  1.0000000000000 stre  14   25           val=   2.04346
  26 k  0.7071068387056 bend  12   25   14      val=   0.10909
       -0.7071067236675 bend  15   25   14
  27 k  1.0000000000000 outp  25   15   12   14 val=  -0.36177
  28 k  1.0000000000000 stre  27   26           val=   2.04381
  29 k  0.7071071271750 bend  34   26   27      val=   0.17984
       -0.7071064351979 bend  28   26   27
  30 k  1.0000000000000 outp  26   28   34   27 val=   0.77065
  31 k  1.0000000000000 stre  28   29           val=   2.04939
  32 k  0.7071079524888 bend  27   29   28      val=  -0.01776
       -0.7071056098824 bend  30   29   28
  33 k  1.0000000000000 outp  29   30   27   28 val=   1.42928
  34 k  1.0000000000000 stre  32   33           val=   2.04734
  35 k  0.7071070565903 bend  34   33   32      val=   0.02155
       -0.7071065057827 bend  31   33   32
  36 k  1.0000000000000 outp  33   31   34   32 val=  -0.70513
  37 k  1.0000000000000 stre  34   35           val=   2.04386
  38 k  0.7071070253076 bend  27   35   34      val=   0.19560
       -0.7071065370654 bend  32   35   34
  39 k  1.0000000000000 outp  35   32   27   34 val=  -0.66167
  40 k  1.0000000000000 stre  22   36           val=   2.05957
  41 k  1.0000000000000 stre  22   37           val=   2.06395
  42 k  0.0506865302687 bend  37   36   22      val=   0.78621
       -0.4965851631732 bend  31   36   22
       -0.5126857109053 bend  31   37   22
        0.4965303141019 bend  18   36   22
        0.4913705937242 bend  18   37   22
  43 k  0.0068026908887 bend  37   36   22      val=   0.32891
        0.5456765755055 bend  31   36   22
       -0.5298700042795 bend  31   37   22
        0.4555866886327 bend  18   36   22
       -0.4624601021135 bend  18   37   22
  44 k  0.9104807129402 bend  37   36   22      val=   4.07789
       -0.1880528525619 bend  31   36   22
       -0.1717044965611 bend  31   37   22
       -0.2261705993109 bend  18   36   22
       -0.2345749813499 bend  18   37   22
  45 k -0.0092579783556 bend  37   36   22      val=   0.73379
       -0.4575082652532 bend  31   36   22
        0.4604541201309 bend  31   37   22
        0.5444680598236 bend  18   36   22
       -0.5311657106292 bend  18   37   22
  46 k  1.0000000000000 stre  20   39           val=   2.06075
  47 k  1.0000000000000 stre  20   38           val=   2.06320
  48 k  0.0612138109446 bend  38   39   20      val=   0.92293
       -0.4968612048006 bend  30   39   20
       -0.5133331032069 bend  30   38   20
        0.4993716923437 bend  19   39   20
        0.4863114748301 bend  19   38   20
  49 k -0.0042505092070 bend  38   39   20      val=  -0.11022
        0.5505502815839 bend  30   39   20
       -0.5319095066568 bend  30   38   20
        0.4496579023785 bend  19   39   20
       -0.4601699340201 bend  19   38   20
  50 k  0.9081784035311 bend  38   39   20      val=   3.45663
       -0.1812232622168 bend  30   39   20
       -0.1717264714435 bend  30   38   20
       -0.2265613488917 bend  19   39   20
       -0.2480929075672 bend  19   38   20
  51 k -0.0126853325406 bend  38   39   20      val=   1.02885
       -0.4503349141720 bend  30   39   20
        0.4595643294413 bend  30   38   20
        0.5471366036395 bend  19   39   20
       -0.5352379951751 bend  19   38   20
  52 k  0.4082482904639 tors  43   40    2    1 val=  84.08590
        0.4082482904639 tors  43   40    2    3
        0.4082482904639 tors  41   40    2    1
        0.4082482904639 tors  41   40    2    3
        0.4082482904639 tors  42   40    2    1
        0.4082482904639 tors  42   40    2    3
  53 k  1.0000000000000 stre  40   43           val=   2.04976
  54 k  1.0000000000000 stre  40   41           val=   2.05358
  55 k  1.0000000000000 stre  40   42           val=   2.05447
  56 k -0.3794641934035 bend  41   43   40      val=   0.44744
       -0.3966200462244 bend  42   43   40
       -0.4456578044030 bend  42   41   40
        0.4242500763642 bend   2   43   40
        0.4031922364659 bend   2   41   40
        0.3969086537112 bend   2   42   40
  57 k  0.6563057103990 bend  41   43   40      val=   0.27371
       -0.5172501865725 bend  42   43   40
       -0.1075694378018 bend  42   41   40
        0.0690577818215 bend   2   43   40
        0.3304744254912 bend   2   41   40
       -0.4197160372271 bend   2   42   40
  58 k  0.2613926879014 bend  41   43   40      val=   0.36203
        0.4702666579565 bend  42   43   40
       -0.6629880477413 bend  42   41   40
        0.4021817123935 bend   2   43   40
       -0.2882391131679 bend   2   41   40
       -0.1616727111626 bend   2   42   40
  59 k  0.3128758677180 bend  41   43   40      val=   0.19388
       -0.4202266435776 bend  42   43   40
        0.1092132019455 bend  42   41   40
        0.1838837685533 bend   2   43   40
       -0.6677574627339 bend   2   41   40
        0.4836087949716 bend   2   42   40
  60 k -0.3099091496949 bend  41   43   40      val=   0.15245
       -0.1064629098280 bend  42   43   40
        0.4084550346320 bend  42   41   40
        0.6763574350207 bend   2   43   40
       -0.1775737985577 bend   2   41   40
       -0.4866154730464 bend   2   42   40
  61 k  1.0000000000000 stre   2   40           val=   2.77267
  62 k  0.7071127889378 bend   3   40    2      val=   1.08482
       -0.7071007733842 bend   1   40    2
  63 k  1.0000000000000 outp  40    1    3    2 val=  -1.25922
  64 k  1.0000000000000 stre   3    2           val=   2.54279
  65 k  1.0000000000000 stre   2    1           val=   2.54709
  66 k  1.0000000000000 stre   1    7           val=   2.58417
  67 k  1.0000000000000 stre   7    5           val=   2.62373
  68 k  1.0000000000000 stre   5    4           val=   2.60974
  69 k -0.2886751345948 bend   4    2    3      val=   0.10669
       -0.2886751345948 bend   3    1    2
        0.5773502691896 bend   2    7    1
       -0.2886751345948 bend   1    5    7
       -0.2886751345948 bend   7    4    5
        0.5773502691896 bend   5    3    4
  70 k  0.5000000000000 bend   4    2    3      val=  -0.77447
       -0.5000000000000 bend   3    1    2
        0.5000000000000 bend   1    5    7
       -0.5000000000000 bend   7    4    5
  71 k -0.4082482904639 bend   4    2    3      val=  -0.16631
        0.4082482904639 bend   3    1    2
       -0.4082482904639 bend   2    7    1
        0.4082482904639 bend   1    5    7
       -0.4082482904639 bend   7    4    5
        0.4082482904639 bend   5    3    4
  72 k -0.2886751345948 tors   3    2    1    7 val=   1.11970
       -0.2886751345948 tors   2    1    7    5
        0.5773502691896 tors   1    7    5    4
       -0.2886751345948 tors   7    5    4    3
       -0.2886751345948 tors   5    4    3    2
        0.5773502691896 tors   4    3    2    1
  73 k  0.5000000000000 tors   3    2    1    7 val=   0.70581
       -0.5000000000000 tors   2    1    7    5
        0.5000000000000 tors   7    5    4    3
       -0.5000000000000 tors   5    4    3    2
  74 k -0.4082482904639 tors   3    2    1    7 val=   0.39803
        0.4082482904639 tors   2    1    7    5
       -0.4082482904639 tors   1    7    5    4
        0.4082482904639 tors   7    5    4    3
       -0.4082482904639 tors   5    4    3    2
        0.4082482904639 tors   4    3    2    1
  75 k  0.7071067811865 tors  18    4    3    5 val= 178.13258
        0.7071067811865 tors  19    4    3    2
  76 k  1.0000000000000 stre   9   10           val=   2.62041
  77 k  1.0000000000000 stre  10   12           val=   2.62116
  78 k  1.0000000000000 stre  12   14           val=   2.61980
  79 k  1.0000000000000 stre  14   15           val=   2.62158
  80 k  1.0000000000000 stre  15   17           val=   2.61950
  81 k -0.2886751345948 bend  17   10    9      val=  -0.09278
       -0.2886751345948 bend   9   12   10
        0.5773502691896 bend  10   14   12
       -0.2886751345948 bend  12   15   14
       -0.2886751345948 bend  14   17   15
        0.5773502691896 bend  15    9   17
  82 k  0.5000000000000 bend  17   10    9      val=  -0.01646
       -0.5000000000000 bend   9   12   10
        0.5000000000000 bend  12   15   14
       -0.5000000000000 bend  14   17   15
  83 k -0.4082482904639 bend  17   10    9      val=  -0.04213
        0.4082482904639 bend   9   12   10
       -0.4082482904639 bend  10   14   12
        0.4082482904639 bend  12   15   14
       -0.4082482904639 bend  14   17   15
        0.4082482904639 bend  15    9   17
  84 k -0.2886751345948 tors   9   10   12   14 val=   0.32842
       -0.2886751345948 tors  10   12   14   15
        0.5773502691896 tors  12   14   15   17
       -0.2886751345948 tors  14   15   17    9
       -0.2886751345948 tors  15   17    9   10
        0.5773502691896 tors  17    9   10   12
  85 k  0.5000000000000 tors   9   10   12   14 val=  -0.20282
       -0.5000000000000 tors  10   12   14   15
        0.5000000000000 tors  14   15   17    9
       -0.5000000000000 tors  15   17    9   10
  86 k -0.4082482904639 tors   9   10   12   14 val=   0.01899
        0.4082482904639 tors  10   12   14   15
       -0.4082482904639 tors  12   14   15   17
        0.4082482904639 tors  14   15   17    9
       -0.4082482904639 tors  15   17    9   10
        0.4082482904639 tors  17    9   10   12
  87 k  0.7071067811865 tors  18   17    9   15 val= 181.25979
        0.7071067811865 tors  19   17    9   10
  88 k  1.0000000000000 stre  30   28           val=   2.62807
  89 k  1.0000000000000 stre  28   27           val=   2.62103
  90 k  1.0000000000000 stre  27   34           val=   2.61519
  91 k  1.0000000000000 stre  34   32           val=   2.62138
  92 k  1.0000000000000 stre  32   31           val=   2.62628
  93 k -0.2886751345948 bend  31   28   30      val=  -0.63467
       -0.2886751345948 bend  30   27   28
        0.5773502691896 bend  28   34   27
       -0.2886751345948 bend  27   32   34
       -0.2886751345948 bend  34   31   32
        0.5773502691896 bend  32   30   31
  94 k  0.5000000000000 bend  31   28   30      val=  -0.98290
       -0.5000000000000 bend  30   27   28
        0.5000000000000 bend  27   32   34
       -0.5000000000000 bend  34   31   32
  95 k -0.4082482904639 bend  31   28   30      val=  -0.04194
        0.4082482904639 bend  30   27   28
       -0.4082482904639 bend  28   34   27
        0.4082482904639 bend  27   32   34
       -0.4082482904639 bend  34   31   32
        0.4082482904639 bend  32   30   31
  96 k -0.2886751345948 tors  30   28   27   34 val=   0.11102
       -0.2886751345948 tors  28   27   34   32
        0.5773502691896 tors  27   34   32   31
       -0.2886751345948 tors  34   32   31   30
       -0.2886751345948 tors  32   31   30   28
        0.5773502691896 tors  31   30   28   27
  97 k  0.5000000000000 tors  30   28   27   34 val=   0.05896
       -0.5000000000000 tors  28   27   34   32
        0.5000000000000 tors  34   32   31   30
       -0.5000000000000 tors  32   31   30   28
  98 k -0.4082482904639 tors  30   28   27   34 val=   0.05026
        0.4082482904639 tors  28   27   34   32
       -0.4082482904639 tors  27   34   32   31
        0.4082482904639 tors  34   32   31   30
       -0.4082482904639 tors  32   31   30   28
        0.4082482904639 tors  31   30   28   27
  99 k  0.7071067811865 tors  22   31   30   32 val= 180.51306
        0.7071067811865 tors  20   31   30   28
 100 k  1.0000000000000 stre   3    4           val=   2.63202
 101 k  1.0000000000000 stre   3   19           val=   2.83757
 102 k  1.0000000000000 stre   4   18           val=   2.83691
 103 k  1.0000000000000 stre   9   17           val=   2.62661
 104 k  1.0000000000000 stre   9   19           val=   2.85141
 105 k  1.0000000000000 stre  17   18           val=   2.84267
 106 k  1.0000000000000 stre  18   22           val=   2.97530
 107 k  1.0000000000000 stre  19   20           val=   2.97466
 108 k  1.0000000000000 stre  20   30           val=   2.84238
 109 k  1.0000000000000 stre  22   31           val=   2.84381
 110 k  1.0000000000000 stre  30   31           val=   2.64872
 111 k  1.0000000000000 bend  19    4    3      val= 118.73709
 112 k  1.0000000000000 bend  18    3    4      val= 117.51230
 113 k  1.0000000000000 bend  19   17    9      val= 118.46797
 114 k  1.0000000000000 bend  18    9   17      val= 117.71488
 115 k -0.8149299271646 bend  17    4   18      val=   1.49371
        0.4237234491373 bend  22    4   18
        0.3954082099080 bend  22   17   18
 116 k -0.0137278755653 bend  17    4   18      val=   1.03589
       -0.6961777321571 bend  22    4   18
        0.7177381909032 bend  22   17   18
 117 k  0.5793968926772 bend  17    4   18      val= 110.64658
        0.5794782169329 bend  22    4   18
        0.5731528913442 bend  22   17   18
 118 k -0.8118747317391 bend   9    3   19      val=   2.00114
        0.4501624374455 bend  20    3   19
        0.3717703590615 bend  20    9   19
 119 k -0.0396226478742 bend   9    3   19      val=   2.06875
       -0.6777925789702 bend  20    3   19
        0.7341847626234 bend  20    9   19
 120 k  0.5824855927309 bend   9    3   19      val= 110.42062
        0.5813355311746 bend  20    3   19
        0.5681192959712 bend  20    9   19
 121 k  1.0000000000000 bend  19   30   20      val= 114.90706
 122 k  1.0000000000000 bend  18   31   22      val= 115.46507
 123 k  1.0000000000000 bend  20   31   30      val= 121.25729
 124 k  1.0000000000000 bend  22   30   31      val= 121.53786
 125 k  1.0000000000000 tors  18    4    3   19 val=  -2.53756
 126 k  0.7071067811865 tors   9   19    3    4 val=  21.89714
        0.7071067811865 tors  20   19    3    4
 127 k  0.7071067811865 tors  17   18    4    3 val= -18.27839
        0.7071067811865 tors  22   18    4    3
 128 k  1.0000000000000 tors  18   17    9   19 val=  -0.95783
 129 k  0.7071067811865 tors   3   19    9   17 val= -19.61719
        0.7071067811865 tors  20   19    9   17
 130 k  0.7071067811865 tors   4   18   17    9 val=  19.89855
        0.7071067811865 tors  22   18   17    9
 131 k  0.7071067811865 tors  31   22   18    4 val= 127.25532
        0.7071067811865 tors  31   22   18   17
 132 k  0.7071067811865 tors  30   20   19    3 val=  53.32787
        0.7071067811865 tors  30   20   19    9
 133 k  1.0000000000000 tors  31   30   20   19 val= -69.06797
 134 k  1.0000000000000 tors  30   31   22   18 val=  69.59225
 135 k  1.0000000000000 tors  22   31   30   20 val=  -0.29717
       123 non zero eigenvalues  of BmBt
           1          10.329214330    1    0
         1
           2          10.105420598    2    0
         2
           3          10.070954924    3    0
         3
           4           5.338587663    4    0
         4
           5           5.305016273    5    0
         5
           6           5.175609555    6    0
         6
           7           4.259206777    7    0
         7
           8           4.199708866    8    0
         8
           9           4.190480544    9    0
         9
          10           4.174666514   10    0
        10
          11           4.068364453   11    0
        11
          12           4.062822507   12    0
        12
          13           3.953086394   13    0
        13
          14           3.682497892   14    0
        14
          15           3.566068341   15    0
        15
          16           3.531461146   16    0
        16
          17           3.485697995   17    0
        17
          18           3.450396635   18    0
        18
          19           3.431446034   19    0
        19
          20           3.163067471   20    0
        20
          21           3.155452478   21    0
        21
          22           3.147562665   22    0
        22
          23           3.051288327   23    0
        23
          24           2.890638120   24    0
        24
          25           2.874472932   25    0
        25
          26           2.862982993   26    0
        26
          27           2.683646732   27    0
        27
          28           2.670445973   28    0
        28
          29           2.655380223   29    0
        29
          30           2.639223901   30    0
        30
          31           2.585805159   31    0
        31
          32           2.201077230   32    0
        32
          33           2.186590529   33    0
        33
          34           2.122463401   34    0
        34
          35           2.080690407   35    0
        35
          36           2.058410023   36    0
        36
          37           1.806344594   37    0
        37
          38           1.806045553   38    0
        38
          39           1.780987528   39    0
        39
          40           1.730939438   40    0
        40
          41           1.729682006   41    0
        41
          42           1.684614345   42    0
        42
          43           1.563580635   43    0
        43
          44           1.417873275   44    0
        44
          45           1.381485145   45    0
        45
          46           1.164993868   46    0
        46
          47           1.144798289   47    0
        47
          48           1.092765241   48    0
        48
          49           1.083215863   49    0
        49
          50           1.038093727   50    0
        50
          51           0.982914636   51    0
        51
          52           0.969006680   52    0
        52
          53           0.912845992   53    0
        53
          54           0.872747298   54    0
        54
          55           0.844251650   55    0
        55
          56           0.822460244   56    0
        56
          57           0.805762054   57    0
        57
          58           0.772339032   58    0
        58
          59           0.746517558   59    0
        59
          60           0.728665552   60    0
        60
          61           0.726911948   61    0
        61
          62           0.716117004   62    0
        62
          63           0.712486625   63    0
        63
          64           0.703600309   64    0
        64
          65           0.696297838   65    0
        65
          66           0.685977658   66    0
        66
          67           0.662415901   67    0
        67
          68           0.496909524   68    0
        68
          69           0.450128329   69    0
        69
          70           0.439726540   70    0
        70
          71           0.437964291   71    0
        71
          72           0.424703490   72    0
        72
          73           0.398963272   73    0
        73
          74           0.395516784   74    0
        74
          75           0.385498047   75    0
        75
          76           0.380252675   76    0
        76
          77           0.379848963   77    0
        77
          78           0.371978860   78    0
        78
          79           0.365459355   79    0
        79
          80           0.363498903   80    0
        80
          81           0.355046734   81    0
        81
          82           0.343173380   82    0
        82
          83           0.337674280   83    0
        83
          84           0.325381628   84    0
        84
          85           0.311778295   85    0
        85
          86           0.311405586   86    0
        86
          87           0.307901776   87    0
        87
          88           0.300155353   88    0
        88
          89           0.294210302   89    0
        89
          90           0.273083772   90    0
        90
          91           0.225053195   91    0
        91
          92           0.187329188   92    0
        92
          93           0.129584041   93    0
        93
          94           0.129216106   94    0
        94
          95           0.116980843   95    0
        95
          96           0.086139625   96    0
        96
          97           0.084600826   97    0
        97
          98           0.081318810   98    0
        98
          99           0.037329880   99    0
        99
         100           1.518821629  100    0
       100
         101           1.367398394  101    0
       101
         102           1.223931996  102    0
       102
         103           0.857637917  103    0
       103
         104           0.609994925  104    0
       104
         105           0.577401129  105    0
       105
         106           0.328798499  106    0
       106
         107           0.321847949  107    0
       107
         108           0.263530254  108    0
       108
         109           0.228583532  109    0
       109
         110           0.215895919  110    0
       110
         111           0.208783955    0    0
         0.000000000         0.000000000         0.000000000         0.000000000
         0.000000000         0.000000000         0.000000000         0.000000000
         0.000000000         0.000000000         0.000000000         0.000000000
         0.000000000         0.000000000         0.000000000         0.000000000
         0.000000000         0.000000000         0.000000000         0.000000000
         0.000000000         0.000000000         0.000000000         0.000000000
         0.000000000         0.000000000         0.000000000         0.000000000
         0.000000000         0.000000000         0.000000000         0.000000000
         0.000000000         0.000000000         0.000000000         0.000000000
         0.000000000         0.000000000         0.000000000         0.000000000
         0.000000000         0.000000000         0.000000000         0.000000000
         0.000000000         0.000000000         0.000000000         0.000000000
         0.000000000         0.000000000         0.000000000         0.000000000
         0.000000000         0.000000000         0.000000000         0.000000000
         0.000000000         0.000000000         0.000000000         0.000000000
         0.000000000         0.000000000         0.000000000         0.000000000
         0.000000000         0.000000000         0.000000000         0.000000000
         0.000000000         0.000000000         0.000000000         0.000000000
         0.000000000         0.000000000         0.000000000         0.000000000
         0.000000000         0.000000000         0.000000000         0.000000000
         0.000000000         0.000000000         0.000000000         0.000000000
         0.000000000         0.000000000         0.000000000         0.000000000
         0.000000000         0.000000000         0.000000000         0.000000000
         0.000000000         0.000000000         0.000000000         0.000000000
         0.000000000         0.000000000         0.000000000         0.000000000
         0.000000000         0.000000000         0.000000000         0.000000000
         0.000000000         0.000000000         0.000000000         0.000000000
         0.000000000         0.000000000         0.115844656        -0.236946988
         0.213888417        -0.323153560         0.196767706        -0.138979030
         0.464044803        -0.248449162         0.061213160        -0.292533136
         0.357397244        -0.467257400        -0.069805134         0.070033459
         0.000000000         0.000000000         0.000000000         0.000000000
         0.000000000         0.000000000         0.000000000         0.000000000
         0.000000000         0.000000000         0.000000000
         112           0.182506690    0    0
         0.000000000         0.000000000         0.000000000         0.000000000
         0.000000000         0.000000000         0.000000000         0.000000000
         0.000000000         0.000000000         0.000000000         0.000000000
         0.000000000         0.000000000         0.000000000         0.000000000
         0.000000000         0.000000000         0.000000000         0.000000000
         0.000000000         0.000000000         0.000000000         0.000000000
         0.000000000         0.000000000         0.000000000         0.000000000
         0.000000000         0.000000000         0.000000000         0.000000000
         0.000000000         0.000000000         0.000000000         0.000000000
         0.000000000         0.000000000         0.000000000         0.000000000
         0.000000000         0.000000000         0.000000000         0.000000000
         0.000000000         0.000000000         0.000000000         0.000000000
         0.000000000         0.000000000         0.000000000         0.000000000
         0.000000000         0.000000000         0.000000000         0.000000000
         0.000000000         0.000000000         0.000000000         0.000000000
         0.000000000         0.000000000         0.000000000         0.000000000
         0.000000000         0.000000000         0.000000000         0.000000000
         0.000000000         0.000000000         0.000000000         0.000000000
         0.000000000         0.000000000         0.000000000         0.000000000
         0.000000000         0.000000000         0.000000000         0.000000000
         0.000000000         0.000000000         0.000000000         0.000000000
         0.000000000         0.000000000         0.000000000         0.000000000
         0.000000000         0.000000000         0.000000000         0.000000000
         0.000000000         0.000000000         0.000000000         0.000000000
         0.000000000         0.000000000         0.000000000         0.000000000
         0.000000000         0.000000000         0.000000000         0.000000000
         0.000000000         0.000000000         0.000000000         0.000000000
         0.000000000         0.000000000        -0.235972311        -0.331540662
        -0.350308078        -0.217707605        -0.232186757        -0.099116855
         0.379405375        -0.073827547        -0.152378188         0.511766267
        -0.365672009        -0.177692204         0.025438147        -0.009500390
         0.000000000         0.000000000         0.000000000         0.000000000
         0.000000000         0.000000000         0.000000000         0.000000000
         0.000000000         0.000000000         0.000000000
         113           0.080974556    0    0
         0.000000000         0.000000000         0.000000000         0.000000000
         0.000000000         0.000000000         0.000000000         0.000000000
         0.000000000         0.000000000         0.000000000         0.000000000
         0.000000000         0.000000000         0.000000000         0.000000000
         0.000000000         0.000000000         0.000000000         0.000000000
         0.000000000         0.000000000         0.000000000         0.000000000
         0.000000000         0.000000000         0.000000000         0.000000000
         0.000000000         0.000000000         0.000000000         0.000000000
         0.000000000         0.000000000         0.000000000         0.000000000
         0.000000000         0.000000000         0.000000000         0.000000000
         0.000000000         0.000000000         0.000000000         0.000000000
         0.000000000         0.000000000         0.000000000         0.000000000
         0.000000000         0.000000000         0.000000000         0.000000000
         0.000000000         0.000000000         0.000000000         0.000000000
         0.000000000         0.000000000         0.000000000         0.000000000
         0.000000000         0.000000000         0.000000000         0.000000000
         0.000000000         0.000000000         0.000000000         0.000000000
         0.000000000         0.000000000         0.000000000         0.000000000
         0.000000000         0.000000000         0.000000000         0.000000000
         0.000000000         0.000000000         0.000000000         0.000000000
         0.000000000         0.000000000         0.000000000         0.000000000
         0.000000000         0.000000000         0.000000000         0.000000000
         0.000000000         0.000000000         0.000000000         0.000000000
         0.000000000         0.000000000         0.000000000         0.000000000
         0.000000000         0.000000000         0.000000000         0.000000000
         0.000000000         0.000000000         0.000000000         0.000000000
         0.000000000         0.000000000         0.000000000         0.000000000
         0.000000000         0.000000000         0.331089213        -0.217317624
        -0.498119537         0.612204186         0.316304054        -0.109964605
        -0.019109789        -0.115668957        -0.173297144        -0.087168483
        -0.010467655        -0.224464565         0.047430050         0.063065185
         0.000000000         0.000000000         0.000000000         0.000000000
         0.000000000         0.000000000         0.000000000         0.000000000
         0.000000000         0.000000000         0.000000000
         114           0.075833257    0    0
         0.000000000         0.000000000         0.000000000         0.000000000
         0.000000000         0.000000000         0.000000000         0.000000000
         0.000000000         0.000000000         0.000000000         0.000000000
         0.000000000         0.000000000         0.000000000         0.000000000
         0.000000000         0.000000000         0.000000000         0.000000000
         0.000000000         0.000000000         0.000000000         0.000000000
         0.000000000         0.000000000         0.000000000         0.000000000
         0.000000000         0.000000000         0.000000000         0.000000000
         0.000000000         0.000000000         0.000000000         0.000000000
         0.000000000         0.000000000         0.000000000         0.000000000
         0.000000000         0.000000000         0.000000000         0.000000000
         0.000000000         0.000000000         0.000000000         0.000000000
         0.000000000         0.000000000         0.000000000         0.000000000
         0.000000000         0.000000000         0.000000000         0.000000000
         0.000000000         0.000000000         0.000000000         0.000000000
         0.000000000         0.000000000         0.000000000         0.000000000
         0.000000000         0.000000000         0.000000000         0.000000000
         0.000000000         0.000000000         0.000000000         0.000000000
         0.000000000         0.000000000         0.000000000         0.000000000
         0.000000000         0.000000000         0.000000000         0.000000000
         0.000000000         0.000000000         0.000000000         0.000000000
         0.000000000         0.000000000         0.000000000         0.000000000
         0.000000000         0.000000000         0.000000000         0.000000000
         0.000000000         0.000000000         0.000000000         0.000000000
         0.000000000         0.000000000         0.000000000         0.000000000
         0.000000000         0.000000000         0.000000000         0.000000000
         0.000000000         0.000000000         0.000000000         0.000000000
         0.000000000         0.000000000         0.077094543         0.183798399
         0.329184728        -0.070741924         0.153039766        -0.391118751
        -0.102662673         0.367467408        -0.364436858        -0.081759494
        -0.450516039        -0.337214692         0.201707914         0.167562635
         0.000000000         0.000000000         0.000000000         0.000000000
         0.000000000         0.000000000         0.000000000         0.000000000
         0.000000000         0.000000000         0.000000000
         115           0.068410992    0    0
         0.000000000         0.000000000         0.000000000         0.000000000
         0.000000000         0.000000000         0.000000000         0.000000000
         0.000000000         0.000000000         0.000000000         0.000000000
         0.000000000         0.000000000         0.000000000         0.000000000
         0.000000000         0.000000000         0.000000000         0.000000000
         0.000000000         0.000000000         0.000000000         0.000000000
         0.000000000         0.000000000         0.000000000         0.000000000
         0.000000000         0.000000000         0.000000000         0.000000000
         0.000000000         0.000000000         0.000000000         0.000000000
         0.000000000         0.000000000         0.000000000         0.000000000
         0.000000000         0.000000000         0.000000000         0.000000000
         0.000000000         0.000000000         0.000000000         0.000000000
         0.000000000         0.000000000         0.000000000         0.000000000
         0.000000000         0.000000000         0.000000000         0.000000000
         0.000000000         0.000000000         0.000000000         0.000000000
         0.000000000         0.000000000         0.000000000         0.000000000
         0.000000000         0.000000000         0.000000000         0.000000000
         0.000000000         0.000000000         0.000000000         0.000000000
         0.000000000         0.000000000         0.000000000         0.000000000
         0.000000000         0.000000000         0.000000000         0.000000000
         0.000000000         0.000000000         0.000000000         0.000000000
         0.000000000         0.000000000         0.000000000         0.000000000
         0.000000000         0.000000000         0.000000000         0.000000000
         0.000000000         0.000000000         0.000000000         0.000000000
         0.000000000         0.000000000         0.000000000         0.000000000
         0.000000000         0.000000000         0.000000000         0.000000000
         0.000000000         0.000000000         0.000000000         0.000000000
         0.000000000         0.000000000        -0.003955020         0.007988951
         0.000327575         0.003016147        -0.030484006         0.131662065
        -0.041625529         0.040867387        -0.144752268         0.040594787
        -0.031251734         0.016419325        -0.686932720         0.694636844
         0.000000000         0.000000000         0.000000000         0.000000000
         0.000000000         0.000000000         0.000000000         0.000000000
         0.000000000         0.000000000         0.000000000
         116           0.050036276    0    0
         0.000000000         0.000000000         0.000000000         0.000000000
         0.000000000         0.000000000         0.000000000         0.000000000
         0.000000000         0.000000000         0.000000000         0.000000000
         0.000000000         0.000000000         0.000000000         0.000000000
         0.000000000         0.000000000         0.000000000         0.000000000
         0.000000000         0.000000000         0.000000000         0.000000000
         0.000000000         0.000000000         0.000000000         0.000000000
         0.000000000         0.000000000         0.000000000         0.000000000
         0.000000000         0.000000000         0.000000000         0.000000000
         0.000000000         0.000000000         0.000000000         0.000000000
         0.000000000         0.000000000         0.000000000         0.000000000
         0.000000000         0.000000000         0.000000000         0.000000000
         0.000000000         0.000000000         0.000000000         0.000000000
         0.000000000         0.000000000         0.000000000         0.000000000
         0.000000000         0.000000000         0.000000000         0.000000000
         0.000000000         0.000000000         0.000000000         0.000000000
         0.000000000         0.000000000         0.000000000         0.000000000
         0.000000000         0.000000000         0.000000000         0.000000000
         0.000000000         0.000000000         0.000000000         0.000000000
         0.000000000         0.000000000         0.000000000         0.000000000
         0.000000000         0.000000000         0.000000000         0.000000000
         0.000000000         0.000000000         0.000000000         0.000000000
         0.000000000         0.000000000         0.000000000         0.000000000
         0.000000000         0.000000000         0.000000000         0.000000000
         0.000000000         0.000000000         0.000000000         0.000000000
         0.000000000         0.000000000         0.000000000         0.000000000
         0.000000000         0.000000000         0.000000000         0.000000000
         0.000000000         0.000000000        -0.583678268         0.534711481
        -0.141358751         0.102051272         0.354442413        -0.071554988
        -0.022742617        -0.243468426         0.155072445         0.171502290
         0.096584157        -0.277157288         0.040823490         0.105788437
         0.000000000         0.000000000         0.000000000         0.000000000
         0.000000000         0.000000000         0.000000000         0.000000000
         0.000000000         0.000000000         0.000000000
         117           0.030546524    0    0
         0.000000000         0.000000000         0.000000000         0.000000000
         0.000000000         0.000000000         0.000000000         0.000000000
         0.000000000         0.000000000         0.000000000         0.000000000
         0.000000000         0.000000000         0.000000000         0.000000000
         0.000000000         0.000000000         0.000000000         0.000000000
         0.000000000         0.000000000         0.000000000         0.000000000
         0.000000000         0.000000000         0.000000000         0.000000000
         0.000000000         0.000000000         0.000000000         0.000000000
         0.000000000         0.000000000         0.000000000         0.000000000
         0.000000000         0.000000000         0.000000000         0.000000000
         0.000000000         0.000000000         0.000000000         0.000000000
         0.000000000         0.000000000         0.000000000         0.000000000
         0.000000000         0.000000000         0.000000000         0.000000000
         0.000000000         0.000000000         0.000000000         0.000000000
         0.000000000         0.000000000         0.000000000         0.000000000
         0.000000000         0.000000000         0.000000000         0.000000000
         0.000000000         0.000000000         0.000000000         0.000000000
         0.000000000         0.000000000         0.000000000         0.000000000
         0.000000000         0.000000000         0.000000000         0.000000000
         0.000000000         0.000000000         0.000000000         0.000000000
         0.000000000         0.000000000         0.000000000         0.000000000
         0.000000000         0.000000000         0.000000000         0.000000000
         0.000000000         0.000000000         0.000000000         0.000000000
         0.000000000         0.000000000         0.000000000         0.000000000
         0.000000000         0.000000000         0.000000000         0.000000000
         0.000000000         0.000000000         0.000000000         0.000000000
         0.000000000         0.000000000         0.000000000         0.000000000
         0.000000000         0.000000000        -0.119645509         0.084043967
        -0.036379965         0.002413175        -0.284188664        -0.521779913
        -0.208787890        -0.331114909        -0.402914097        -0.142743127
         0.131206972         0.054120283        -0.378452447        -0.353495967
         0.000000000         0.000000000         0.000000000         0.000000000
         0.000000000         0.000000000         0.000000000         0.000000000
         0.000000000         0.000000000         0.000000000
         118           0.019431323    0    0
         0.000000000         0.000000000         0.000000000         0.000000000
         0.000000000         0.000000000         0.000000000         0.000000000
         0.000000000         0.000000000         0.000000000         0.000000000
         0.000000000         0.000000000         0.000000000         0.000000000
         0.000000000         0.000000000         0.000000000         0.000000000
         0.000000000         0.000000000         0.000000000         0.000000000
         0.000000000         0.000000000         0.000000000         0.000000000
         0.000000000         0.000000000         0.000000000         0.000000000
         0.000000000         0.000000000         0.000000000         0.000000000
         0.000000000         0.000000000         0.000000000         0.000000000
         0.000000000         0.000000000         0.000000000         0.000000000
         0.000000000         0.000000000         0.000000000         0.000000000
         0.000000000         0.000000000         0.000000000         0.000000000
         0.000000000         0.000000000         0.000000000         0.000000000
         0.000000000         0.000000000         0.000000000         0.000000000
         0.000000000         0.000000000         0.000000000         0.000000000
         0.000000000         0.000000000         0.000000000         0.000000000
         0.000000000         0.000000000         0.000000000         0.000000000
         0.000000000         0.000000000         0.000000000         0.000000000
         0.000000000         0.000000000         0.000000000         0.000000000
         0.000000000         0.000000000         0.000000000         0.000000000
         0.000000000         0.000000000         0.000000000         0.000000000
         0.000000000         0.000000000         0.000000000         0.000000000
         0.000000000         0.000000000         0.000000000         0.000000000
         0.000000000         0.000000000         0.000000000         0.000000000
         0.000000000         0.000000000         0.000000000         0.000000000
         0.000000000         0.000000000         0.000000000         0.000000000
         0.000000000         0.000000000        -0.092594920         0.081310949
         0.077471711        -0.081685504         0.266744804         0.532569397
         0.175376337        -0.305153151        -0.606065181        -0.188543884
        -0.198798311         0.176103051         0.065182923        -0.125842750
         0.000000000         0.000000000         0.000000000         0.000000000
         0.000000000         0.000000000         0.000000000         0.000000000
         0.000000000         0.000000000         0.000000000
         119           0.009214413    0    0
         0.000000000         0.000000000         0.000000000         0.000000000
         0.000000000         0.000000000         0.000000000         0.000000000
         0.000000000         0.000000000         0.000000000         0.000000000
         0.000000000         0.000000000         0.000000000         0.000000000
         0.000000000         0.000000000         0.000000000         0.000000000
         0.000000000         0.000000000         0.000000000         0.000000000
         0.000000000         0.000000000         0.000000000         0.000000000
         0.000000000         0.000000000         0.000000000         0.000000000
         0.000000000         0.000000000         0.000000000         0.000000000
         0.000000000         0.000000000         0.000000000         0.000000000
         0.000000000         0.000000000         0.000000000         0.000000000
         0.000000000         0.000000000         0.000000000         0.000000000
         0.000000000         0.000000000         0.000000000         0.000000000
         0.000000000         0.000000000         0.000000000         0.000000000
         0.000000000         0.000000000         0.000000000         0.000000000
         0.000000000         0.000000000         0.000000000         0.000000000
         0.000000000         0.000000000         0.000000000         0.000000000
         0.000000000         0.000000000         0.000000000         0.000000000
         0.000000000         0.000000000         0.000000000         0.000000000
         0.000000000         0.000000000         0.000000000         0.000000000
         0.000000000         0.000000000         0.000000000         0.000000000
         0.000000000         0.000000000         0.000000000         0.000000000
         0.000000000         0.000000000         0.000000000         0.000000000
         0.000000000         0.000000000         0.000000000         0.000000000
         0.000000000         0.000000000         0.000000000         0.000000000
         0.000000000         0.000000000         0.000000000         0.000000000
         0.000000000         0.000000000         0.000000000         0.000000000
         0.000000000         0.000000000         0.093216438         0.121705783
         0.078885558         0.127227466        -0.592419843         0.131384962
        -0.126562892        -0.473226601         0.022195982        -0.137797536
        -0.088286339        -0.234575107         0.373877243         0.351878962
         0.000000000         0.000000000         0.000000000         0.000000000
         0.000000000         0.000000000         0.000000000         0.000000000
         0.000000000         0.000000000         0.000000000
         120           0.179401185    0    0
         0.000000000         0.000000000         0.000000000         0.000000000
         0.000000000         0.000000000         0.000000000         0.000000000
         0.000000000         0.000000000         0.000000000         0.000000000
         0.000000000         0.000000000         0.000000000         0.000000000
         0.000000000         0.000000000         0.000000000         0.000000000
         0.000000000         0.000000000         0.000000000         0.000000000
         0.000000000         0.000000000         0.000000000         0.000000000
         0.000000000         0.000000000         0.000000000         0.000000000
         0.000000000         0.000000000         0.000000000         0.000000000
         0.000000000         0.000000000         0.000000000         0.000000000
         0.000000000         0.000000000         0.000000000         0.000000000
         0.000000000         0.000000000         0.000000000         0.000000000
         0.000000000         0.000000000         0.000000000         0.000000000
         0.000000000         0.000000000         0.000000000         0.000000000
         0.000000000         0.000000000         0.000000000         0.000000000
         0.000000000         0.000000000         0.000000000         0.000000000
         0.000000000         0.000000000         0.000000000         0.000000000
         0.000000000         0.000000000         0.000000000         0.000000000
         0.000000000         0.000000000         0.000000000         0.000000000
         0.000000000         0.000000000         0.000000000         0.000000000
         0.000000000         0.000000000         0.000000000         0.000000000
         0.000000000         0.000000000         0.000000000         0.000000000
         0.000000000         0.000000000         0.000000000         0.000000000
         0.000000000         0.000000000         0.000000000         0.000000000
         0.000000000         0.000000000         0.000000000         0.000000000
         0.000000000         0.000000000         0.000000000         0.000000000
         0.000000000         0.000000000         0.000000000         0.000000000
         0.000000000         0.000000000         0.000000000         0.000000000
         0.000000000         0.000000000         0.000000000         0.000000000
         0.000000000         0.000000000         0.000000000         0.000000000
         0.000000000         0.000000000         0.000000000         0.000000000
         0.041169453        -0.191107859        -0.182935351        -0.369617970
         0.446587638         0.435622525         0.164057879         0.173092008
        -0.351059626        -0.341283066         0.325422417
         121           0.105560231    0    0
         0.000000000         0.000000000         0.000000000         0.000000000
         0.000000000         0.000000000         0.000000000         0.000000000
         0.000000000         0.000000000         0.000000000         0.000000000
         0.000000000         0.000000000         0.000000000         0.000000000
         0.000000000         0.000000000         0.000000000         0.000000000
         0.000000000         0.000000000         0.000000000         0.000000000
         0.000000000         0.000000000         0.000000000         0.000000000
         0.000000000         0.000000000         0.000000000         0.000000000
         0.000000000         0.000000000         0.000000000         0.000000000
         0.000000000         0.000000000         0.000000000         0.000000000
         0.000000000         0.000000000         0.000000000         0.000000000
         0.000000000         0.000000000         0.000000000         0.000000000
         0.000000000         0.000000000         0.000000000         0.000000000
         0.000000000         0.000000000         0.000000000         0.000000000
         0.000000000         0.000000000         0.000000000         0.000000000
         0.000000000         0.000000000         0.000000000         0.000000000
         0.000000000         0.000000000         0.000000000         0.000000000
         0.000000000         0.000000000         0.000000000         0.000000000
         0.000000000         0.000000000         0.000000000         0.000000000
         0.000000000         0.000000000         0.000000000         0.000000000
         0.000000000         0.000000000         0.000000000         0.000000000
         0.000000000         0.000000000         0.000000000         0.000000000
         0.000000000         0.000000000         0.000000000         0.000000000
         0.000000000         0.000000000         0.000000000         0.000000000
         0.000000000         0.000000000         0.000000000         0.000000000
         0.000000000         0.000000000         0.000000000         0.000000000
         0.000000000         0.000000000         0.000000000         0.000000000
         0.000000000         0.000000000         0.000000000         0.000000000
         0.000000000         0.000000000         0.000000000         0.000000000
         0.000000000         0.000000000         0.000000000         0.000000000
         0.000000000         0.000000000         0.000000000         0.000000000
        -0.282617050         0.371547644         0.302621231         0.182771594
        -0.255311165        -0.185842648         0.010483172        -0.088205335
        -0.286375338        -0.371277902         0.574130136
         122           0.056475556    0    0
         0.000000000         0.000000000         0.000000000         0.000000000
         0.000000000         0.000000000         0.000000000         0.000000000
         0.000000000         0.000000000         0.000000000         0.000000000
         0.000000000         0.000000000         0.000000000         0.000000000
         0.000000000         0.000000000         0.000000000         0.000000000
         0.000000000         0.000000000         0.000000000         0.000000000
         0.000000000         0.000000000         0.000000000         0.000000000
         0.000000000         0.000000000         0.000000000         0.000000000
         0.000000000         0.000000000         0.000000000         0.000000000
         0.000000000         0.000000000         0.000000000         0.000000000
         0.000000000         0.000000000         0.000000000         0.000000000
         0.000000000         0.000000000         0.000000000         0.000000000
         0.000000000         0.000000000         0.000000000         0.000000000
         0.000000000         0.000000000         0.000000000         0.000000000
         0.000000000         0.000000000         0.000000000         0.000000000
         0.000000000         0.000000000         0.000000000         0.000000000
         0.000000000         0.000000000         0.000000000         0.000000000
         0.000000000         0.000000000         0.000000000         0.000000000
         0.000000000         0.000000000         0.000000000         0.000000000
         0.000000000         0.000000000         0.000000000         0.000000000
         0.000000000         0.000000000         0.000000000         0.000000000
         0.000000000         0.000000000         0.000000000         0.000000000
         0.000000000         0.000000000         0.000000000         0.000000000
         0.000000000         0.000000000         0.000000000         0.000000000
         0.000000000         0.000000000         0.000000000         0.000000000
         0.000000000         0.000000000         0.000000000         0.000000000
         0.000000000         0.000000000         0.000000000         0.000000000
         0.000000000         0.000000000         0.000000000         0.000000000
         0.000000000         0.000000000         0.000000000         0.000000000
         0.000000000         0.000000000         0.000000000         0.000000000
         0.000000000         0.000000000         0.000000000         0.000000000
        -0.498100875         0.441395297         0.397597657        -0.345409594
         0.204339694         0.252994175         0.189672894         0.078688624
         0.199468191         0.095492089        -0.287818098
         123           0.017389904    0    0
         0.000000000         0.000000000         0.000000000         0.000000000
         0.000000000         0.000000000         0.000000000         0.000000000
         0.000000000         0.000000000         0.000000000         0.000000000
         0.000000000         0.000000000         0.000000000         0.000000000
         0.000000000         0.000000000         0.000000000         0.000000000
         0.000000000         0.000000000         0.000000000         0.000000000
         0.000000000         0.000000000         0.000000000         0.000000000
         0.000000000         0.000000000         0.000000000         0.000000000
         0.000000000         0.000000000         0.000000000         0.000000000
         0.000000000         0.000000000         0.000000000         0.000000000
         0.000000000         0.000000000         0.000000000         0.000000000
         0.000000000         0.000000000         0.000000000         0.000000000
         0.000000000         0.000000000         0.000000000         0.000000000
         0.000000000         0.000000000         0.000000000         0.000000000
         0.000000000         0.000000000         0.000000000         0.000000000
         0.000000000         0.000000000         0.000000000         0.000000000
         0.000000000         0.000000000         0.000000000         0.000000000
         0.000000000         0.000000000         0.000000000         0.000000000
         0.000000000         0.000000000         0.000000000         0.000000000
         0.000000000         0.000000000         0.000000000         0.000000000
         0.000000000         0.000000000         0.000000000         0.000000000
         0.000000000         0.000000000         0.000000000         0.000000000
         0.000000000         0.000000000         0.000000000         0.000000000
         0.000000000         0.000000000         0.000000000         0.000000000
         0.000000000         0.000000000         0.000000000         0.000000000
         0.000000000         0.000000000         0.000000000         0.000000000
         0.000000000         0.000000000         0.000000000         0.000000000
         0.000000000         0.000000000         0.000000000         0.000000000
         0.000000000         0.000000000         0.000000000         0.000000000
         0.000000000         0.000000000         0.000000000         0.000000000
         0.000000000         0.000000000         0.000000000         0.000000000
        -0.087364920         0.010959695         0.165132936        -0.019859189
         0.155851671        -0.157555060        -0.480891521         0.491992550
        -0.479923217         0.459305027         0.029494340
$end
