$coord
   -8.88712684553441      3.83552069621643      0.34913921464930  c
   -9.44680799553565      1.49236823667324      1.34117147715218  c
   -7.83704705368942     -0.49687750584845      0.73218681479896  c
   -7.92854837166195     -2.98930907107467      1.41306226322865  n
   -5.95271120367390     -4.24641814912626      0.34542563549719  c
   -4.53182527660026     -2.60683707477926     -1.05078042256276  c
   -5.70358968033859     -0.17648020639436     -0.82717742102622  c
   -5.18898997252758      2.22206943617801     -1.81276612803919  c
   -6.78097336106166      4.19669586222706     -1.21910747262037  c
   -6.41956434350410      6.05692829879685     -1.98571128050781  h
   -3.58473049166583      2.52790608028669     -3.04413011030727  h
   -2.15228544404701     -3.24246045170784     -2.44480573054362  c
    0.03243570237780     -2.55819316535425     -0.76901865376373  c
    1.25104457253237     -3.98816651137764      0.50602704427778  o
    0.44568657447982     -0.04044640073979     -0.77110819551763  o
    1.70240648601934      1.06248321867174      1.30492497667434  c
    4.25033963591925      2.20142827461985      0.66015472164508  c
    4.76570575540959      3.45333573919479      2.21553783984888  h
    4.11013743970175      3.35403114424121     -1.04337024009780  h
    6.49096536320182      0.46518994665181      0.28994421086270  n
    6.28602390122150     -1.03484453023313     -2.09385367281497  c
    5.82836848786819      0.21666866893011     -3.65678226979603  h
    8.09329456773168     -1.94394065994399     -2.45530243153871  h
    4.85469455198148     -2.48389588144218     -1.89354301650883  h
    8.78201424093759      2.10298868394708      0.10962438868299  c
    8.57645446032324      3.40436120412209     -1.46810859505421  h
    9.01189356536802      3.16821687693386      1.85180634687218  h
   10.44010095732782      0.92803172265695     -0.19068858653195  h
    6.79196617616928     -1.29326827475980      2.47613534528003  c
    5.22230043234376     -2.61547767365236      2.52623535898979  h
    8.54729231939162     -2.33783313544729      2.25088113826398  h
    6.86840650546191     -0.20905814106289      4.22116349034161  h
    0.53650997442924      2.66175600017849      1.89304995977906  h
    1.80842826862528     -0.22187120562902      2.91376026063344  h
   -2.05576158130044     -2.21081104163669     -4.23053449522931  h
   -2.05444564341447     -5.25564519528083     -2.86185403182800  h
   -5.69268042314568     -6.24541795968578      0.64691702826651  h
   -9.28965503015744     -3.79301141375190      2.46273330069777  h
  -11.08505180767846      1.21922338466729      2.53494175792765  h
  -10.10467541328542      5.42106017373464      0.77382017991830  h
$user-defined bonds
$redundant
     number_of_atoms            40
     degrees_of_freedom        114
     internal_coordinates      114
     frozen_coordinates          0
# definitions of redundant internals
   1 k  1.0000000000000 stre   9   10           val=   2.04420
   2 k  0.7071072419350 bend   8   10    9      val=   0.32671
       -0.7071063204378 bend   1   10    9
   3 k  1.0000000000000 outp  10    1    8    9 val=  -0.54038
   4 k  1.0000000000000 stre   8   11           val=   2.04535
   5 k  0.7071069618127 bend   9   11    8      val=  -0.31876
       -0.7071066005604 bend   7   11    8
   6 k  1.0000000000000 outp  11    7    9    8 val=   0.74462
   7 k  1.0000000000000 stre  13   14           val=   2.27059
   8 k  0.7071144907420 bend  15   14   13      val=  -2.01416
       -0.7070990715471 bend  12   14   13
   9 k  1.0000000000000 outp  14   12   15   13 val=  -1.91823
  10 k  1.0000000000000 stre  17   19           val=   2.06159
  11 k  1.0000000000000 stre  17   18           val=   2.06206
  12 k  0.0704564401976 bend  18   19   17      val=   1.51822
       -0.5184326109199 bend  16   19   17
       -0.4873019984730 bend  16   18   17
        0.4977788295862 bend  20   19   17
        0.4909343307097 bend  20   18   17
  13 k  0.0601829693793 bend  18   19   17      val=   1.49819
       -0.5234118304857 bend  16   19   17
        0.5350358219362 bend  16   18   17
       -0.4786462514939 bend  20   19   17
        0.4550302199637 bend  20   18   17
  14 k  0.9121858394065 bend  18   19   17      val=   7.29002
       -0.1287952736533 bend  16   19   17
       -0.2041585663167 bend  16   18   17
       -0.2133885106553 bend  20   19   17
       -0.2532062305525 bend  20   18   17
  15 k -0.0101189686027 bend  18   19   17      val=   0.90863
        0.4620731532641 bend  16   19   17
       -0.4721463609948 bend  16   18   17
       -0.5166218118827 bend  20   19   17
        0.5445784835939 bend  20   18   17
  16 k  0.3333333333333 tors  24   21   20   17 val=  50.34392
        0.3333333333333 tors  24   21   20   25
        0.3333333333333 tors  24   21   20   29
        0.3333333333333 tors  22   21   20   17
        0.3333333333333 tors  22   21   20   25
        0.3333333333333 tors  22   21   20   29
        0.3333333333333 tors  23   21   20   17
        0.3333333333333 tors  23   21   20   25
        0.3333333333333 tors  23   21   20   29
  17 k  1.0000000000000 stre  21   24           val=   2.04660
  18 k  1.0000000000000 stre  21   22           val=   2.05389
  19 k  1.0000000000000 stre  21   23           val=   2.05507
  20 k -0.4558221676734 bend  22   24   21      val=   1.57242
       -0.3616260268976 bend  23   24   21
       -0.3854330922998 bend  23   22   21
        0.4099729307854 bend  20   24   21
        0.3949902820837 bend  20   22   21
        0.4345100373647 bend  20   23   21
  21 k -0.0913876304045 bend  22   24   21      val=   0.04016
        0.6643215741947 bend  23   24   21
       -0.5332145107537 bend  23   22   21
        0.3188125926038 bend  20   24   21
       -0.4024414516487 bend  20   22   21
        0.0490595697330 bend  20   23   21
  22 k -0.6680816386315 bend  22   24   21      val=   0.23137
        0.2892109787908 bend  23   24   21
        0.4709360206117 bend  23   22   21
       -0.2792608561031 bend  20   24   21
       -0.1702580729544 bend  20   22   21
        0.3758573681639 bend  20   23   21
  23 k  0.0281978126168 bend  22   24   21      val=   0.45677
       -0.3775645844296 bend  23   24   21
        0.3503742707872 bend  23   22   21
        0.5808362127096 bend  20   24   21
       -0.6278011230608 bend  20   22   21
        0.0488137501863 bend  20   23   21
  24 k  0.4014787698553 bend  22   24   21      val=   0.26018
       -0.1806870463067 bend  23   24   21
       -0.2298898014668 bend  23   22   21
       -0.3892958992786 bend  20   24   21
       -0.3063618738528 bend  20   22   21
        0.7126771870127 bend  20   23   21
  25 k  0.3333333333333 tors  28   25   20   17 val=  61.14353
        0.3333333333333 tors  28   25   20   21
        0.3333333333333 tors  28   25   20   29
        0.3333333333333 tors  27   25   20   17
        0.3333333333333 tors  27   25   20   21
        0.3333333333333 tors  27   25   20   29
        0.3333333333333 tors  26   25   20   17
        0.3333333333333 tors  26   25   20   21
        0.3333333333333 tors  26   25   20   29
  26 k  1.0000000000000 stre  25   28           val=   2.05425
  27 k  1.0000000000000 stre  25   27           val=   2.05493
  28 k  1.0000000000000 stre  25   26           val=   2.05550
  29 k -0.4013631822991 bend  27   28   25      val=   1.10227
       -0.3991258602605 bend  26   28   25
       -0.4130261657250 bend  26   27   25
        0.4152586286039 bend  20   28   25
        0.4100466992448 bend  20   27   25
        0.4104113860519 bend  20   26   25
  30 k -0.5913890470444 bend  27   28   25      val=   0.03900
        0.6203265481092 bend  26   28   25
       -0.0260472807134 bend  26   27   25
        0.0159873835465 bend  20   28   25
       -0.3724679385155 bend  20   27   25
        0.3546654004264 bend  20   26   25
  31 k  0.3797699225149 bend  27   28   25      val=   0.11538
        0.3322627352864 bend  26   28   25
       -0.6962593894591 bend  26   27   25
        0.4127338263245 bend  20   28   25
       -0.1981877144192 bend  20   27   25
       -0.2257688236757 bend  20   26   25
  32 k  0.3001414483266 bend  27   28   25      val=  -0.04072
       -0.4048687643234 bend  26   28   25
        0.1035571340604 bend  26   27   25
        0.1746768301861 bend  20   28   25
       -0.6739221049196 bend  20   27   25
        0.5005889692689 bend  20   26   25
  33 k -0.2924323893999 bend  27   28   25      val=   0.00847
       -0.1123108534090 bend  26   28   25
        0.4031000011669 bend  26   27   25
        0.6808770670738 bend  20   28   25
       -0.1884487431670 bend  20   27   25
       -0.4901769574628 bend  20   26   25
  34 k  0.3333333333333 tors  30   29   20   17 val=  64.85361
        0.3333333333333 tors  30   29   20   21
        0.3333333333333 tors  30   29   20   25
        0.3333333333333 tors  31   29   20   17
        0.3333333333333 tors  31   29   20   21
        0.3333333333333 tors  31   29   20   25
        0.3333333333333 tors  32   29   20   17
        0.3333333333333 tors  32   29   20   21
        0.3333333333333 tors  32   29   20   25
  35 k  1.0000000000000 stre  29   30           val=   2.05295
  36 k  1.0000000000000 stre  29   31           val=   2.05500
  37 k  1.0000000000000 stre  29   32           val=   2.05584
  38 k -0.3799824650854 bend  31   30   29      val=   1.63995
       -0.4518335136885 bend  32   30   29
       -0.3700589249756 bend  32   31   29
        0.4010299962379 bend  20   30   29
        0.4354120500077 bend  20   31   29
        0.4051018180742 bend  20   32   29
  39 k -0.6137263104215 bend  31   30   29      val=   0.01503
        0.0220967889264 bend  32   30   29
        0.5989834213085 bend  32   31   29
       -0.3601974263939 bend  20   30   29
       -0.0126251563972 bend  20   31   29
        0.3662909066006 bend  20   32   29
  40 k  0.3675668892503 bend  31   30   29      val=   0.31262
       -0.6755444928339 bend  32   30   29
        0.3993206455782 bend  32   31   29
       -0.2381868437885 bend  20   30   29
        0.3808521223793 bend  20   31   29
       -0.2174762756462 bend  20   32   29
  41 k  0.3391700147279 bend  31   30   29      val=  -0.01869
        0.0429240239699 bend  32   30   29
       -0.3836898260129 bend  32   31   29
       -0.6391058953956 bend  20   30   29
        0.0753101528832 bend  20   31   29
        0.5672524852597 bend  20   32   29
  42 k -0.2419338402016 bend  31   30   29      val=   0.32505
        0.4020253948509 bend  32   30   29
       -0.1664237640724 bend  32   31   29
       -0.2834158992761 bend  20   30   29
        0.7087244857383 bend  20   31   29
       -0.4117423477914 bend  20   32   29
  43 k  1.0000000000000 stre  16   34           val=   2.06135
  44 k  1.0000000000000 stre  16   33           val=   2.06467
  45 k  0.0090762907146 bend  33   34   16      val=   1.24585
        0.5242633825686 bend  15   34   16
        0.4794134488319 bend  15   33   16
       -0.5352790255495 bend  17   34   16
       -0.4568420257928 bend  17   33   16
  46 k  0.1345788592916 bend  33   34   16      val=   3.38331
       -0.5245465926477 bend  15   34   16
        0.5058528761931 bend  15   33   16
       -0.4687333053251 bend  17   34   16
        0.4807716286343 bend  17   33   16
  47 k  0.8984474832805 bend  33   34   16      val=   2.95924
       -0.1539387485804 bend  15   34   16
       -0.2704066771826 bend  15   33   16
       -0.1433098591958 bend  17   34   16
       -0.2746588696271 bend  17   33   16
  48 k -0.0103670914573 bend  33   34   16      val=   0.58535
       -0.4451397782992 bend  15   34   16
        0.5137588662465 bend  15   33   16
        0.4898002271662 bend  17   34   16
       -0.5457936111861 bend  17   33   16
  49 k  1.0000000000000 stre  12   36           val=   2.05826
  50 k  1.0000000000000 stre  12   35           val=   2.06457
  51 k  0.0571279166553 bend  35   36   12      val=   1.34928
       -0.5088733191018 bend   6   36   12
       -0.4994559337308 bend   6   35   12
        0.4847821133480 bend  13   36   12
        0.5033035059324 bend  13   35   12
  52 k  0.0040437755359 bend  35   36   12      val=   0.26030
        0.5124144790745 bend   6   36   12
       -0.5217974212298 bend   6   35   12
        0.4911187731484 bend  13   36   12
       -0.4732281176910 bend  13   35   12
  53 k -0.8895760553117 bend  35   36   12      val=   2.06629
        0.1958338968881 bend   6   36   12
        0.2019448741939 bend   6   35   12
        0.2586683414973 bend  13   36   12
        0.2502248659495 bend  13   35   12
  54 k -0.0056390963779 bend  35   36   12      val=   0.96785
        0.4873900154735 bend   6   36   12
       -0.4770865967746 bend   6   35   12
       -0.5166243850834 bend  13   36   12
        0.5175971380562 bend  13   35   12
  55 k  1.0000000000000 stre   5   37           val=   2.03826
  56 k  0.7071083184384 bend   6   37    5      val=   4.11843
       -0.7071052439314 bend   4   37    5
  57 k  1.0000000000000 outp  37    4    6    5 val=   0.24876
  58 k  1.0000000000000 stre   4   38           val=   1.89746
  59 k -0.7071066288403 bend   5   38    4      val=   0.21508
        0.7071069335327 bend   3   38    4
  60 k  1.0000000000000 outp  38    3    5    4 val=   2.40668
  61 k  1.0000000000000 stre   2   39           val=   2.04537
  62 k  0.7071067959744 bend   1   39    2      val=  -0.33152
       -0.7071067663987 bend   3   39    2
  63 k  1.0000000000000 outp  39    3    1    2 val=  -0.37671
  64 k  1.0000000000000 stre   1   40           val=   2.04370
  65 k  0.7071069742771 bend   2   40    1      val=   0.00087
       -0.7071065880959 bend   9   40    1
  66 k  1.0000000000000 outp  40    9    2    1 val=   0.50667
  67 k  0.5773502691896 tors  25   20   17   16 val=  69.33445
        0.5773502691896 tors  29   20   17   16
        0.5773502691896 tors  21   20   17   16
  68 k  1.0000000000000 stre  20   25           val=   2.82202
  69 k  1.0000000000000 stre  20   29           val=   2.82174
  70 k  1.0000000000000 stre  20   21           val=   2.82393
  71 k  0.3748647478556 bend  29   25   20      val=   0.32024
        0.3442772371297 bend  21   25   20
        0.5021621899132 bend  21   29   20
       -0.4618836318493 bend  17   25   20
       -0.3585410485560 bend  17   29   20
       -0.3832682702248 bend  17   21   20
  72 k  0.2482071569602 bend  29   25   20      val=   1.28809
        0.4500667350062 bend  21   25   20
       -0.5011095212337 bend  21   29   20
        0.5063184266752 bend  17   25   20
       -0.4212742922278 bend  17   29   20
       -0.2255925763865 bend  17   21   20
  73 k  0.6520366625817 bend  29   25   20      val=   0.30099
       -0.5096290005994 bend  21   25   20
       -0.1367405018356 bend  21   29   20
        0.0893764791783 bend  17   25   20
        0.3347012902504 bend  17   29   20
       -0.4200183315398 bend  17   21   20
  74 k  0.2067763223501 bend  29   25   20      val=   1.55361
        0.3789626555526 bend  21   25   20
       -0.5451233625361 bend  21   29   20
       -0.5885416005033 bend  17   25   20
        0.3603588027516 bend  17   29   20
        0.2005784025903 bend  17   21   20
  75 k  0.4165172350304 bend  29   25   20      val=   0.78829
       -0.3445357292623 bend  21   25   20
       -0.0674302860695 bend  21   29   20
       -0.1164546795786 bend  17   25   20
       -0.5264057164656 bend  17   29   20
        0.6423371466618 bend  17   21   20
  76 k  1.0000000000000 tors  20   17   16   15 val= -76.91447
  77 k  1.0000000000000 stre  17   20           val=   2.85867
  78 k  1.0000000000000 bend  16   20   17      val= 119.00289
  79 k  1.0000000000000 tors  17   16   15   13 val= 115.10532
  80 k  1.0000000000000 stre  16   17           val=   2.86442
  81 k  1.0000000000000 bend  15   17   16      val= 114.11499
  82 k  1.0000000000000 tors  16   15   13   12 val= 156.41568
  83 k  1.0000000000000 stre  15   16           val=   2.66565
  84 k  1.0000000000000 bend  13   16   15      val= 118.94790
  85 k  1.0000000000000 tors  15   13   12    6 val= -77.35073
  86 k  1.0000000000000 stre  13   15           val=   2.55144
  87 k  1.0000000000000 bend  12   15   13      val= 111.23741
  88 k  0.7071067811865 tors  13   12    6    5 val= 172.64140
        0.7071067811865 tors  13   12    6    7
  89 k  1.0000000000000 stre  12   13           val=   2.83716
  90 k  1.0000000000000 bend   6   13   12      val= 107.59798
  91 k  1.0000000000000 stre   6   12           val=   2.83011
  92 k  0.7071161460010 bend   5   12    6      val=  -0.68813
       -0.7070974162481 bend   7   12    6
  93 k  1.0000000000000 outp  12    7    5    6 val=   1.86659
  94 k  1.0000000000000 stre   3    2           val=   2.63045
  95 k  1.0000000000000 stre   2    1           val=   2.60533
  96 k  1.0000000000000 stre   1    9           val=   2.65061
  97 k  1.0000000000000 stre   9    8           val=   2.60499
  98 k  1.0000000000000 stre   8    7           val=   2.64372
  99 k -0.2886751345948 bend   7    2    3      val=   0.05799
       -0.2886751345948 bend   3    1    2
        0.5773502691896 bend   2    9    1
       -0.2886751345948 bend   1    8    9
       -0.2886751345948 bend   9    7    8
        0.5773502691896 bend   8    3    7
 100 k  0.5000000000000 bend   7    2    3      val=   1.78372
       -0.5000000000000 bend   3    1    2
        0.5000000000000 bend   1    8    9
       -0.5000000000000 bend   9    7    8
 101 k -0.4082482904639 bend   7    2    3      val=  -0.83916
        0.4082482904639 bend   3    1    2
       -0.4082482904639 bend   2    9    1
        0.4082482904639 bend   1    8    9
       -0.4082482904639 bend   9    7    8
        0.4082482904639 bend   8    3    7
 102 k -0.2886751345948 tors   3    2    1    9 val=   0.10643
       -0.2886751345948 tors   2    1    9    8
        0.5773502691896 tors   1    9    8    7
       -0.2886751345948 tors   9    8    7    3
       -0.2886751345948 tors   8    7    3    2
        0.5773502691896 tors   7    3    2    1
 103 k  0.5000000000000 tors   3    2    1    9 val=   0.28294
       -0.5000000000000 tors   2    1    9    8
        0.5000000000000 tors   9    8    7    3
       -0.5000000000000 tors   8    7    3    2
 104 k -0.4082482904639 tors   3    2    1    9 val=   0.02084
        0.4082482904639 tors   2    1    9    8
       -0.4082482904639 tors   1    9    8    7
        0.4082482904639 tors   9    8    7    3
       -0.4082482904639 tors   8    7    3    2
        0.4082482904639 tors   7    3    2    1
 105 k  1.0000000000000 stre   3    4           val=   2.58538
 106 k  1.0000000000000 stre   4    5           val=   2.57373
 107 k  1.0000000000000 stre   5    6           val=   2.58003
 108 k  1.0000000000000 stre   6    7           val=   2.70734
 109 k -0.5116672736017 bend   7    4    3      val=   0.38334
        0.1954395075848 bend   3    5    4
        0.1954395075848 bend   4    6    5
       -0.5116672736017 bend   5    7    6
        0.6324555320337 bend   6    3    7
 110 k  0.3717480344602 bend   7    4    3      val=   0.17415
       -0.6015009550075 bend   3    5    4
        0.6015009550075 bend   4    6    5
       -0.3717480344602 bend   5    7    6
 111 k -0.5116672736017 tors   4    5    6    7 val=   0.01882
        0.1954395075848 tors   5    6    7    3
        0.1954395075848 tors   6    7    3    4
       -0.5116672736017 tors   7    3    4    5
        0.6324555320337 tors   3    4    5    6
 112 k  0.3717480344602 tors   4    5    6    7 val=   0.18895
       -0.6015009550075 tors   5    6    7    3
        0.6015009550075 tors   6    7    3    4
       -0.3717480344602 tors   7    3    4    5
 113 k  0.7071067811865 tors   8    7    3    6 val= 179.38763
        0.7071067811865 tors   2    7    3    4
 114 k  1.0000000000000 stre   3    7           val=   2.66194
       114 non zero eigenvalues  of BmBt
           1          10.549053911    1    0
         1
           2           6.354551383    2    0
         2
           3           6.179326688    3    0
         3
           4           5.388418125    4    0
         4
           5           5.044022382    5    0
         5
           6           4.742605471    6    0
         6
           7           4.575505899    7    0
         7
           8           4.365047819    8    0
         8
           9           4.298640851    9    0
         9
          10           4.171579638   10    0
        10
          11           4.108230918   11    0
        11
          12           4.065807638   12    0
        12
          13           4.006471495   13    0
        13
          14           3.844508344   14    0
        14
          15           3.754883114   15    0
        15
          16           3.685128043   16    0
        16
          17           3.609191266   17    0
        17
          18           3.538286919   18    0
        18
          19           3.526130605   19    0
        19
          20           3.509676065   20    0
        20
          21           3.371566258   21    0
        21
          22           3.350972498   22    0
        22
          23           3.289286236   23    0
        23
          24           3.274126731   24    0
        24
          25           3.177127099   25    0
        25
          26           3.102256823   26    0
        26
          27           3.019314084   27    0
        27
          28           2.998514495   28    0
        28
          29           2.856125199   29    0
        29
          30           2.721109706   30    0
        30
          31           2.637559171   31    0
        31
          32           2.449479846   32    0
        32
          33           2.303301055   33    0
        33
          34           2.144700720   34    0
        34
          35           2.130425920   35    0
        35
          36           2.054148537   36    0
        36
          37           1.963453433   37    0
        37
          38           1.808412490   38    0
        38
          39           1.730225740   39    0
        39
          40           1.720083914   40    0
        40
          41           1.683007814   41    0
        41
          42           1.665414126   42    0
        42
          43           1.489931957   43    0
        43
          44           1.412112524   44    0
        44
          45           1.311204610   45    0
        45
          46           1.235694462   46    0
        46
          47           1.114968879   47    0
        47
          48           0.997460786   48    0
        48
          49           0.954671655   49    0
        49
          50           0.889502820   50    0
        50
          51           0.875978054   51    0
        51
          52           0.867485245   52    0
        52
          53           0.865995390   53    0
        53
          54           0.863075801   54    0
        54
          55           0.843177310   55    0
        55
          56           0.821181141   56    0
        56
          57           0.809305952   57    0
        57
          58           0.771077895   58    0
        58
          59           0.760926755   59    0
        59
          60           0.744150425   60    0
        60
          61           0.721005249   61    0
        61
          62           0.719380002   62    0
        62
          63           0.718660652   63    0
        63
          64           0.699778670   64    0
        64
          65           0.694558128   65    0
        65
          66           0.686935952   66    0
        66
          67           0.669220194   67    0
        67
          68           0.615169466   68    0
        68
          69           0.522295084   69    0
        69
          70           0.504187000   70    0
        70
          71           0.440597149   71    0
        71
          72           0.411115495   72    0
        72
          73           0.393962721   73    0
        73
          74           0.388027479   74    0
        74
          75           0.384356841   75    0
        75
          76           0.367174750   76    0
        76
          77           0.366446767   77    0
        77
          78           0.360013401   78    0
        78
          79           0.343102413   79    0
        79
          80           0.335512537   80    0
        80
          81           0.323851974   81    0
        81
          82           0.322010264   82    0
        82
          83           0.307566540   83    0
        83
          84           0.303770047   84    0
        84
          85           0.294585386   85    0
        85
          86           0.285862723   86    0
        86
          87           0.279296511   87    0
        87
          88           0.267199228   88    0
        88
          89           0.260699300   89    0
        89
          90           0.257278672   90    0
        90
          91           0.182212658   91    0
        91
          92           0.173435544   92    0
        92
          93           0.151474343   93    0
        93
          94           0.136612206   94    0
        94
          95           0.118105297   95    0
        95
          96           0.109831911   96    0
        96
          97           0.101497029   97    0
        97
          98           0.091631415   98    0
        98
          99           0.087335554   99    0
        99
         100           0.075880736  100    0
       100
         101           0.070144140  101    0
       101
         102           0.060000549  102    0
       102
         103           0.057471704  103    0
       103
         104           0.056830675  104    0
       104
         105           0.051760124  105    0
       105
         106           0.039743677  106    0
       106
         107           0.029734856  107    0
       107
         108           0.026348174  108    0
       108
         109           0.022631012  109    0
       109
         110           0.011840118  110    0
       110
         111           0.004001857  111    0
       111
         112           0.003113884  112    0
       112
         113           0.001787780  113    0
       113
         114           0.001651525  114    0
       114
$end
