$coord
    0.00000000000000    -11.41162600067022      5.04000825573562      cl
    0.00000000000000     11.41162600067022      5.04000825573562      cl
   -4.30082133338097      4.50255732003545      1.01811071829990      o
   -4.30082133338097     -4.50255732003545      1.01811071829990      o
    4.30082133338096     -4.50255732003545      1.01811071829990      o
    4.30082133338096      4.50255732003545      1.01811071829990      o
   -2.22701063074164      7.66911759570975      2.86202309255104      n
    0.00000000000000      4.34523540371412      0.91818446147219      n
    2.22701063074164      7.66911759570975      2.86202309255104      n
   -2.22701063074164     -7.66911759570975      2.86202309255104      n
    2.22701063074164     -7.66911759570975      2.86202309255104      n
    0.00000000000000     -4.34523540371412      0.91818446147219      n
    0.00000000000000      8.62155661059130      3.41550066140847      c
   -2.09060456051271      5.51451065092251      1.60491455328268      c
    2.09060456051270      5.51451065092251      1.60491455328268      c
   -4.35074612137095      2.23964339011298     -0.28394472594961      c
   -4.67372280813459      2.27636655096933     -2.87517070570288      c
   -4.81260983273545      4.05713532009950     -3.86790358566485      h
   -4.84423577892349      0.00000000000000     -4.15851882148085      c
   -5.10900625794893      0.00000000000000     -6.18434282517337      h
   -4.67372280813459     -2.27636655096933     -2.87517070570288      c
   -4.81260983273545     -4.05713532009950     -3.86790358566485      h
   -4.35074612137095     -2.23964339011298     -0.28394472594961      c
   -4.19269845766718      0.00000000000000      1.04895688219580      c
   -3.96890231059047      0.00000000000000      3.08133956543634      h
   -2.09060456051271     -5.51451065092251      1.60491455328268      c
    0.00000000000000     -8.62155661059130      3.41550066140847      c
    2.09060456051270     -5.51451065092251      1.60491455328268      c
    4.35074612137095     -2.23964339011298     -0.28394472594961      c
    4.67372280813459     -2.27636655096933     -2.87517070570288      c
    4.81260983273545     -4.05713532009951     -3.86790358566485      h
    4.84423577892349      0.00000000000000     -4.15851882148085      c
    5.10900625794893      0.00000000000000     -6.18434282517337      h
    4.67372280813459      2.27636655096933     -2.87517070570288      c
    4.81260983273545      4.05713532009951     -3.86790358566485      h
    4.35074612137095      2.23964339011298     -0.28394472594961      c
    4.19269845766718      0.00000000000000      1.04895688219580      c
    3.96890231059047      0.00000000000000      3.08133956543634      h
$user-defined bonds
$redundant
     number_of_atoms            38
     degrees_of_freedom         31
     internal_coordinates       38
     frozen_coordinates          0
# definitions of redundant internals
   1 k  2.0000000000000 outp  18   19   16   17 val=   0.64760
   2 k  1.4142135623731 outp  20   21   17   19 val=  -0.12210
   3 k  1.4142135623731 outp  25   23   16   24 val=  -0.47841
   4 k  1.4142135623731 stre  24   25           val=   2.04467
   5 k  2.0000000000000 stre  17   18           val=   2.04351
   6 k  1.4142135623731 stre  13    2           val=   3.22855
   7 k  1.4142135623731 stre  19   20           val=   2.04305
   8 k  1.4142135623731 outp   2    9    7   13 val=  -0.04839
   9 k -1.4142132880125 bend  16   18   17      val=   0.40989
        1.4142138367337 bend  19   18   17
  10 k  2.0000000000000 stre   3   14           val=   2.50069
  11 k  2.0000000000000 stre   3   16           val=   2.61125
  12 k  2.0000000000000 stre   7   13           val=   2.48456
  13 k  2.0000000000000 stre   7   14           val=   2.49825
  14 k  2.0000000000000 stre   8   14           val=   2.49187
  15 k  2.0000000000000 stre  16   24           val=   2.61106
  16 k  2.0000000000000 stre  16   17           val=   2.61153
  17 k  2.0000000000000 stre  17   19           val=   2.61876
  18 k  2.0000000000000 bend  16   14    3      val= 118.98586
  19 k  2.0000000000000 bend  14   13    7      val= 113.18908
  20 k  1.4142135623731 bend  15   14    8      val= 114.06286
  21 k  1.4142135623731 bend   9    7   13      val= 127.36186
  22 k  1.5156651483090 bend   7    8   14      val=   3.81324
       -1.2842072643508 bend   3    8   14
       -0.2314537975274 bend   3    7   14
  23 k  0.6078079191576 bend   7    8   14      val=   3.49835
        1.0087000153830 bend   3    8   14
       -1.6165066694498 bend   3    7   14
  24 k  2.0000000000000 outp   8    3    7   14 val=   0.02589
  25 k -1.4831331477284 bend  17   24   16      val=  -1.28454
        1.3333692687420 bend   3   24   16
        0.1498080748274 bend   3   17   16
  26 k  0.6835387808732 bend  17   24   16      val=   0.64832
        0.9429884506152 bend   3   24   16
       -1.6258989873448 bend   3   17   16
  27 k  2.0000000000000 outp  24    3   17   16 val=   2.55592
  28 k  2.0000000000000 bend  19   16   17      val= 118.82119
  29 k  1.4142135623731 bend  21   17   19      val= 120.74407
  30 k  1.4142135623731 bend  23   16   24      val= 118.13070
  31 k  1.4142135623731 tors   7   14    3   16 val=  90.40347
        1.4142135623731 tors   8   14    3   16
  32 k  1.4142135623731 tors  17   16    3   14 val= 173.84304
        1.4142135623731 tors  24   16    3   14
  33 k  2.0000000000000 tors   9   13    7   14 val=  -0.10855
  34 k  1.4142135623731 tors   3   14    7   13 val=  89.95325
        1.4142135623731 tors   8   14    7   13
  35 k  1.4142135623731 tors   3   14    8   15 val=  90.18696
        1.4142135623731 tors   7   14    8   15
  36 k  1.4142135623731 tors  23   24   16    3 val=  88.89736
        1.4142135623731 tors  23   24   16   17
  37 k  1.4142135623731 tors  19   17   16    3 val=  91.55730
        1.4142135623731 tors  19   17   16   24
  38 k  2.0000000000000 tors  21   19   17   16 val=  -0.52895
        31 non zero eigenvalues  of BmBt
           1           3.515021273    1    0
         1
           2           2.185832523    2    0
         2
           3           2.044380419    3    0
         3
           4           2.003239469    4    0
         4
           5           1.999997224    5    0
         5
           6           1.999626783    6    0
         6
           7           1.987147935    7    0
         7
           8           1.410705965    8    0
         8
           9           0.796135444    9    0
         9
          10           2.702403953   10    0
        10
          11           2.491082669   11    0
        11
          12           2.014081816   12    0
        12
          13           1.897278017   13    0
        13
          14           1.200496196   14    0
        14
          15           0.719164172   15    0
        15
          16           0.505042762   16    0
        16
          17           0.412346727   17    0
        17
          18           1.877799446    0    0
         0.000000000         0.000000000         0.000000000         0.000000000
         0.000000000         0.000000000         0.000000000         0.000000000
         0.000000000         0.000000000         0.000000000         0.000000000
         0.000000000         0.000000000         0.000000000         0.000000000
         0.000000000        -0.008809911         0.003266796        -0.000075957
        -0.001764510        -0.005936238         0.003481219         0.992272737
         0.056875582         0.108896261        -0.011663743         0.000241271
         0.001470379         0.004955883         0.000000000         0.000000000
         0.000000000         0.000000000         0.000000000         0.000000000
         0.000000000         0.000000000
          19           1.587736472    0    0
         0.000000000         0.000000000         0.000000000         0.000000000
         0.000000000         0.000000000         0.000000000         0.000000000
         0.000000000         0.000000000         0.000000000         0.000000000
         0.000000000         0.000000000         0.000000000         0.000000000
         0.000000000        -0.371632021         0.411873639         0.348476550
        -0.272565765        -0.594294167        -0.049933101        -0.008172161
         0.040035256         0.014873719         0.370924448         0.023504352
        -0.013466353         0.025165382         0.000000000         0.000000000
         0.000000000         0.000000000         0.000000000         0.000000000
         0.000000000         0.000000000
          20           1.228869949    0    0
         0.000000000         0.000000000         0.000000000         0.000000000
         0.000000000         0.000000000         0.000000000         0.000000000
         0.000000000         0.000000000         0.000000000         0.000000000
         0.000000000         0.000000000         0.000000000         0.000000000
         0.000000000         0.285404717         0.153023203         0.143198767
        -0.096040550        -0.121208939        -0.311090762         0.009776484
        -0.556401525         0.213804123        -0.214378009        -0.390464145
         0.238568288        -0.378422854         0.000000000         0.000000000
         0.000000000         0.000000000         0.000000000         0.000000000
         0.000000000         0.000000000
          21           0.668928798    0    0
         0.000000000         0.000000000         0.000000000         0.000000000
         0.000000000         0.000000000         0.000000000         0.000000000
         0.000000000         0.000000000         0.000000000         0.000000000
         0.000000000         0.000000000         0.000000000         0.000000000
         0.000000000         0.150184099         0.465606932        -0.168062433
        -0.521025512         0.028901026        -0.000774190        -0.005909104
         0.153223471        -0.098547843        -0.583255075         0.219538959
        -0.183903544         0.068396707         0.000000000         0.000000000
         0.000000000         0.000000000         0.000000000         0.000000000
         0.000000000         0.000000000
          22           0.542207460    0    0
         0.000000000         0.000000000         0.000000000         0.000000000
         0.000000000         0.000000000         0.000000000         0.000000000
         0.000000000         0.000000000         0.000000000         0.000000000
         0.000000000         0.000000000         0.000000000         0.000000000
         0.000000000        -0.194710985         0.232426263        -0.445901602
        -0.397228861         0.433356290         0.116373288        -0.004371567
        -0.055696361         0.099029663         0.412626517        -0.291318375
         0.284977470         0.028965095         0.000000000         0.000000000
         0.000000000         0.000000000         0.000000000         0.000000000
         0.000000000         0.000000000
          23           0.444694223    0    0
         0.000000000         0.000000000         0.000000000         0.000000000
         0.000000000         0.000000000         0.000000000         0.000000000
         0.000000000         0.000000000         0.000000000         0.000000000
         0.000000000         0.000000000         0.000000000         0.000000000
         0.000000000         0.105571588         0.045848330        -0.086590345
        -0.077411996         0.184438168        -0.231342437         0.067954172
        -0.388304967        -0.332537222         0.379914400         0.388869044
        -0.474527209        -0.314667485         0.000000000         0.000000000
         0.000000000         0.000000000         0.000000000         0.000000000
         0.000000000         0.000000000
          24           0.281086230    0    0
         0.000000000         0.000000000         0.000000000         0.000000000
         0.000000000         0.000000000         0.000000000         0.000000000
         0.000000000         0.000000000         0.000000000         0.000000000
         0.000000000         0.000000000         0.000000000         0.000000000
         0.000000000        -0.035989705        -0.007340028        -0.044590468
        -0.010684378         0.074280851        -0.027163170        -0.101138834
         0.163513975         0.860005237         0.059493189         0.225939637
        -0.302296637        -0.260281787         0.000000000         0.000000000
         0.000000000         0.000000000         0.000000000         0.000000000
         0.000000000         0.000000000
          25           0.154559572    0    0
         0.000000000         0.000000000         0.000000000         0.000000000
         0.000000000         0.000000000         0.000000000         0.000000000
         0.000000000         0.000000000         0.000000000         0.000000000
         0.000000000         0.000000000         0.000000000         0.000000000
         0.000000000         0.478332276         0.073978035         0.103437435
        -0.033832762         0.094088619        -0.638071182        -0.018020009
         0.392570454         0.035501765         0.280218421        -0.011769421
         0.114435269         0.300734190         0.000000000         0.000000000
         0.000000000         0.000000000         0.000000000         0.000000000
         0.000000000         0.000000000
          26           0.920910287    0    0
         0.000000000         0.000000000         0.000000000         0.000000000
         0.000000000         0.000000000         0.000000000         0.000000000
         0.000000000         0.000000000         0.000000000         0.000000000
         0.000000000         0.000000000         0.000000000         0.000000000
         0.000000000         0.000000000         0.000000000         0.000000000
         0.000000000         0.000000000         0.000000000         0.000000000
         0.000000000         0.000000000         0.000000000         0.000000000
         0.000000000         0.000000000        -0.358152585        -0.276081505
         0.375828552         0.194323035        -0.784890282        -0.018584453
         0.002466165         0.009641949
          27           0.672874126    0    0
         0.000000000         0.000000000         0.000000000         0.000000000
         0.000000000         0.000000000         0.000000000         0.000000000
         0.000000000         0.000000000         0.000000000         0.000000000
         0.000000000         0.000000000         0.000000000         0.000000000
         0.000000000         0.000000000         0.000000000         0.000000000
         0.000000000         0.000000000         0.000000000         0.000000000
         0.000000000         0.000000000         0.000000000         0.000000000
         0.000000000         0.000000000        -0.350893862         0.309473255
         0.659352517        -0.539959868         0.232732263         0.014419392
         0.006385341        -0.019606187
          28           0.329280297    0    0
         0.000000000         0.000000000         0.000000000         0.000000000
         0.000000000         0.000000000         0.000000000         0.000000000
         0.000000000         0.000000000         0.000000000         0.000000000
         0.000000000         0.000000000         0.000000000         0.000000000
         0.000000000         0.000000000         0.000000000         0.000000000
         0.000000000         0.000000000         0.000000000         0.000000000
         0.000000000         0.000000000         0.000000000         0.000000000
         0.000000000         0.000000000        -0.008604106         0.031527445
        -0.021280439         0.021856666        -0.015643158        -0.161033171
         0.616397201        -0.769337064
          29           0.178431900    0    0
         0.000000000         0.000000000         0.000000000         0.000000000
         0.000000000         0.000000000         0.000000000         0.000000000
         0.000000000         0.000000000         0.000000000         0.000000000
         0.000000000         0.000000000         0.000000000         0.000000000
         0.000000000         0.000000000         0.000000000         0.000000000
         0.000000000         0.000000000         0.000000000         0.000000000
         0.000000000         0.000000000         0.000000000         0.000000000
         0.000000000         0.000000000         0.022791217         0.340938335
        -0.037074569         0.103618446        -0.146878995         0.843137000
        -0.198661686        -0.314976826
          30           0.052981933    0    0
         0.000000000         0.000000000         0.000000000         0.000000000
         0.000000000         0.000000000         0.000000000         0.000000000
         0.000000000         0.000000000         0.000000000         0.000000000
         0.000000000         0.000000000         0.000000000         0.000000000
         0.000000000         0.000000000         0.000000000         0.000000000
         0.000000000         0.000000000         0.000000000         0.000000000
         0.000000000         0.000000000         0.000000000         0.000000000
         0.000000000         0.000000000        -0.734196115         0.443413001
        -0.415075805         0.235820961         0.043671432        -0.162784389
         0.013557160         0.088610262
          31           0.009655540    0    0
         0.000000000         0.000000000         0.000000000         0.000000000
         0.000000000         0.000000000         0.000000000         0.000000000
         0.000000000         0.000000000         0.000000000         0.000000000
         0.000000000         0.000000000         0.000000000         0.000000000
         0.000000000         0.000000000         0.000000000         0.000000000
         0.000000000         0.000000000         0.000000000         0.000000000
         0.000000000         0.000000000         0.000000000         0.000000000
         0.000000000         0.000000000        -0.456961071        -0.716582464
        -0.135303219        -0.111625560         0.358982230         0.319906055
        -0.029771364        -0.121796825
$end
