$coord
    2.69954435029867      0.53585529413884      0.00000000000000       c
    0.96486955499978      2.40944739064683      0.00000000000000       c
   -1.59305803921803      1.94912405286679      0.00000000000000       n
   -2.63625061937090     -0.44036337015034      0.00000000000000       c
   -0.83053277984142     -2.32334681968261      0.00000000000000       n
    1.79935932685986     -2.06834608038446      0.00000000000000       c
   -2.84806469165253      3.38011441752708      0.00000000000000       h
   -4.90452626554196     -0.83534001633534      0.00000000000000       o
   -1.50762331325383     -4.11156770392144      0.00000000000000       h
    3.16018389595114     -3.93705397185347      0.00000000000000       o
    1.49755307611926      4.38271995130403      0.00000000000000       h
    5.48544221140333      0.97670523097175      0.00000000000000       c
    5.90814788615886      2.99002636054566      0.00000000000000       h
    6.35096519796285      0.10980410494406     -1.65484085852011       h
    6.35096519796285      0.10980410494406      1.65484085852011       h
$end
