$coord
    0.00000000000000      0.00000000000000      3.68496594302025      li
    1.45867402090656      1.64630334045071      0.00000000000000       n
   -1.11177425610613      2.01782408236724      0.00000000000000       c
   -2.12570699724670     -0.41776337953549      0.00000000000000       c
   -0.26880626578244     -2.23854844009361      0.00000000000000       n
    1.84930223720345     -0.90910808343216      0.00000000000000       c
   -4.77744993153799     -0.57681644959566      0.00000000000000       c
   -6.12164948386978      1.56185089412609      0.00000000000000       n
   -4.87720131710866      3.78448612059958      0.00000000000000       c
   -2.39004081041546      4.19795436052367      0.00000000000000       n
   -6.06647545256526      5.44912235558943      0.00000000000000       h
   -5.99225795190422     -2.82094740522307      0.00000000000000       n
    2.78463488154653      3.01222907403733      0.00000000000000       h
    3.72353451623067     -1.70693233077562      0.00000000000000       h
   -4.99768615410911     -4.43567081430924      0.00000000000000       h
   -7.88899174791794     -2.84608499566711      0.00000000000000       h
$end
