$coord
    1.10970498710240     -1.94930215955404      0.00000000000000       n
    2.03482349166653      0.36675772501393      0.00000000000000       c
    0.18650162547928      2.18614595671252      0.00000000000000       n
   -2.08402855844476      0.95705247611813      0.00000000000000       c
   -1.46303598123373     -1.60012797708179      0.00000000000000       c
   -4.38987388749403      2.08580922847474      0.00000000000000       n
   -6.22150043910996      0.42582631178595      0.00000000000000       c
   -3.47635236759507     -3.42088796097424      0.00000000000000       c
   -5.84205730387486     -2.13068602874260      0.00000000000000       n
   -3.43772816084754     -5.72350263313811      0.00000000000000       o
   -8.66101000868709      1.23883910057527      0.00000000000000       n
    4.01426542230554      0.84289939326537      0.00000000000000       h
    0.42065940371874      4.07535354048969      0.00000000000000       h
   -7.34277202408146     -3.31405246459388      0.00000000000000       h
   -8.96325426014885      3.10965649331720      0.00000000000000       h
  -10.13244000218832      0.05001239557319      0.00000000000000       h
$end
