$coord
 -2.30903220   1.25774647  -0.00000023 C 
 -0.06527680   2.62855543  -0.00000012 C 
  2.24375514   1.37080786  -0.00000020 C 
  2.30903221  -1.25774603  -0.00000024 C 
  0.06527652  -2.62855555  -0.00000010 C 
 -2.24375482  -1.37080791  -0.00000020 C 
 -0.12739710   5.13007056   0.00000036 F 
  4.37907199   2.67536162   0.00000109 F 
  4.50647009  -2.45470163  -0.00000110 F 
  0.12739860  -5.13007048   0.00000037 F 
 -4.37907253  -2.67536042   0.00000107 F 
 -4.50647109   2.45470018  -0.00000109 F 
$end
