$coord
    0.00000000000000      0.00000000000000      4.64872626657939      na
    2.16584990129155     -1.65002118762830      0.00000000000000       c
   -0.19288838955446     -2.65321004206540      0.00000000000000       c
   -2.22654675168159     -1.10852250987718      0.00000000000000       n
   -2.06464508956390      1.55724733231389      0.00000000000000       c
    0.32761888915088      2.55950844460736      0.00000000000000       n
    2.30709942689461      1.05316698927565      0.00000000000000       c
   -4.01822834806423      2.78506097699311      0.00000000000000       o
    4.61081420312193      2.17030751955515      0.00000000000000       n
    4.68556861276949      4.06800069172782      0.00000000000000       h
    6.20949395079359      1.15706868584754      0.00000000000000       h
   -0.55655748949852     -4.66314196673206      0.00000000000000       h
    3.82219730617000     -2.83672355700737      0.00000000000000       h
   -4.00008631586368     -1.80725184360840      0.00000000000000       h
$end
