$coord
    3.65766187315078      3.67610068691980     -2.91652148835415      f
    2.47919086216063      1.81112902151189     -4.02445053458458      c
    3.76090876117451     -0.28965741062132     -4.28184295018563      n
    2.42904282182702     -2.06008626657358     -5.37760121525721      c
    3.55772559633926     -4.24144003854669     -5.67604963184872      f
    0.15010170262556     -1.88367390699985     -6.32287132870905      n
   -0.84730973428487      0.34621521302507     -5.93417677297023      c
   -3.12573609208773      0.68330607239012     -6.83083424857143      f
    0.20225814389320      2.30845429502703     -4.85698053181153      n
   -0.47664448866207     -1.65503083992146     -0.11658911041235      cl
    1.84473628900436     -0.60260456199479      5.41367570918877      n
    3.06189849770227      1.05936686406753      4.04593520893458      c
    2.50569559398265      3.42969268241137      4.46125827355712      f
    4.85714267031373      0.64097242756122      2.39409762823247      n
    5.32382055437835     -1.77177963219204      2.11104178688377      c
    7.12860066300158     -2.35218595924904      0.52503905211697      f
    4.27834072074355     -3.66704965463373      3.30589558961036      n
    2.50040077033092     -2.92133065238973      4.85706651435058      c
    1.33553257496312     -4.70866537627200      6.10666454931118      f
   -7.67404630070975     -1.53774971179924     -1.31419492130626      f
   -6.26500696965703     -0.07233077951710      0.09518456045038      c
   -6.04469910660557     -0.73769654789206      2.46738385328237      n
   -5.35777005127348      1.94555676867346     -1.00839698183873      n
   -4.59144793192047      0.81099146568216      3.73547947249472      c
   -4.27111516390185      0.28263386550323      6.12781927747838      f
   -3.94912000380413      3.28573901478654      0.52087560750100      c
   -3.51672572021494      2.88583932794278      2.92441563030166      n
   -2.95343691041484      5.33528382207305     -0.43132299784446      f
$user-defined bonds
$end
