$coord
    0.70548081757736     -5.26104271157066    -10.71306787798772      cl
    0.70548081757736     -5.26104271157066     10.71306787798772      cl
   -4.21750454698426     -0.83653869344591      4.49703426168270      o
   -4.21750454698426     -0.83653869344591     -4.49703426168270      o
    4.31433562126613      0.28461112465125     -4.48869426098152      o
    4.31433562126613      0.28461112465125      4.48869426098152      o
   -1.85521520401467     -2.86539776604186      7.32561401257229      n
    0.03384282232014     -0.16010282410715      4.34393131099102      n
    2.56131579943348     -2.31382909295226      7.30087883120308      n
   -1.85521520401467     -2.86539776604186     -7.32561401257229      n
    2.56131579943348     -2.31382909295226     -7.30087883120308      n
    0.03384282232014     -0.16010282410715     -4.34393131099102      n
    0.44168096749130     -3.27029158135085      8.15248117918361      c
   -1.91963257364791     -1.31371377225906      5.36567757284375      c
    2.21638302242978     -0.77447162916842      5.36016635445717      c
   -4.48330062649362      0.42992650119293      2.23369744801419      c
   -5.29296553408705      2.91552910572528      2.27486429474519      c
   -5.60227855661194      3.86322685308144      4.05926268737297      h
   -5.70667645032464      4.14638045970959      0.00000000000000      c
   -6.33969897731354      6.09022361172026      0.00000000000000      h
   -5.29296553408705      2.91552910572528     -2.27486429474519      c
   -5.60227855661194      3.86322685308144     -4.05926268737297      h
   -4.48330062649362      0.42992650119293     -2.23369744801419      c
   -4.07172805102283     -0.85767822770978      0.00000000000000      c
   -3.43453428117308     -2.80444686009476      0.00000000000000      h
   -1.91963257364791     -1.31371377225906     -5.36567757284375      c
    0.44168096749130     -3.27029158135085     -8.15248117918361      c
    2.21638302242978     -0.77447162916842     -5.36016635445717      c
    4.21902351434432      1.59390823257897     -2.23466874267892      c
    4.25722626215422      4.20691919129569     -2.27673955877962      c
    4.26768318822455      5.20666888867187     -4.05945517682811      h
    4.29192027698912      5.50282769451387      0.00000000000000      c
    4.32209454111705      7.54701680875325      0.00000000000000      h
    4.25722626215422      4.20691919129569      2.27673955877962      c
    4.26768318822455      5.20666888867187      4.05945517682811      h
    4.21902351434432      1.59390823257897      2.23466874267892      c
    4.21469097591488      0.24698965996702      0.00000000000000      c
    4.20819059220818     -1.80828705814113      0.00000000000000      h
    0.81329740773007     -5.39930382013521      0.00000000000000      n
   -0.35500304578961     -5.32775575556993     -2.02694040525456      o
   -0.35500304578961     -5.32775575556993      2.02694040525456      o
    3.14584929529882     -5.53367065752039      0.00000000000000      o
$user-defined bonds
$redundant
     number_of_atoms            42
     degrees_of_freedom         65
     internal_coordinates       82
     frozen_coordinates          0
# definitions of redundant internals
   1 k  1.4142135623731 outp  40   42   41   39 val=  -0.20763
   2 k  1.4142135623731 outp  31   32   29   30 val=   0.22279
   3 k  1.4142135623731 outp  18   19   16   17 val=   0.27850
   4 k  1.0000000000000 outp  33   34   30   32 val=  -0.68787
   5 k  1.0000000000000 outp  20   21   17   19 val=  -0.54030
   6 k  1.4142135623731 outp   2    9    7   13 val=   1.17545
   7 k  1.0000000000000 outp  25   23   16   24 val=   0.39764
   8 k  1.0000000000000 outp  38   36   29   37 val=  -0.00309
   9 k  1.4142135623731 stre  13    2           val=   3.25412
  10 k  1.4142135623731 stre  17   18           val=   2.04399
  11 k  1.0000000000000 stre  42   39           val=   2.33642
  12 k  1.0000000000000 stre  32   33           val=   2.04441
  13 k  1.0000000000000 stre  24   25           val=   2.04840
  14 k  1.0000000000000 stre  38   42           val=   3.87389
  15 k  1.0000000000000 stre  19   20           val=   2.04432
  16 k  1.0000000000000 stre  37   38           val=   2.05529
  17 k  1.4142135623731 stre  30   31           val=   2.04394
  18 k -0.9999999182706 bend  29   31   30      val=   0.42639
        1.0000000817294 bend  32   31   30
  19 k -0.9999999898647 bend  16   18   17      val=   0.49912
        1.0000000101353 bend  19   18   17
  20 k  1.4142135623731 stre  39   41           val=   2.34063
  21 k  0.8164971112994 bend  41   40   39      val=  -0.00724
       -0.4082477600916 bend  42   40   39
       -0.4082477600916 bend  42   41   39
  22 k  1.0000002339733 bend   7    2   13      val=   0.02553
       -0.9999997660267 bend   9    2   13
  23 k  1.0000000000000 bend  38   39   42      val= 102.61930
  24 k  1.0000000000000 linc  37   42   38   39 val=  15.73497
  25 k  1.4142135623731 stre   3   14           val=   2.50249
  26 k  1.4142135623731 stre   3   16           val=   2.60716
  27 k  1.4142135623731 stre   5   28           val=   2.50650
  28 k  1.4142135623731 stre   5   29           val=   2.60844
  29 k  1.4142135623731 stre   7   13           val=   2.47455
  30 k  1.4142135623731 stre   7   14           val=   2.50064
  31 k  1.4142135623731 stre   8   15           val=   2.48469
  32 k  1.4142135623731 stre   8   14           val=   2.48814
  33 k  1.4142135623731 stre   9   13           val=   2.47647
  34 k  1.4142135623731 stre   9   15           val=   2.50099
  35 k  1.4142135623731 stre  16   24           val=   2.61089
  36 k  1.4142135623731 stre  16   17           val=   2.61447
  37 k  1.4142135623731 stre  17   19           val=   2.61938
  38 k  1.4142135623731 stre  29   37           val=   2.60921
  39 k  1.4142135623731 stre  29   30           val=   2.61363
  40 k  1.4142135623731 stre  30   32           val=   2.61995
  41 k  1.4142135623731 bend  16   14    3      val= 119.18128
  42 k  1.4142135623731 bend  29   28    5      val= 118.81283
  43 k  1.4142135623731 bend  14   13    7      val= 112.78898
  44 k  1.4142135623731 bend  14   15    8      val= 114.01941
  45 k  1.4142135623731 bend  15   13    9      val= 112.73773
  46 k  1.4142135623731 bend   9    7   13      val= 128.05098
  47 k -0.8055679483027 bend   3    8   14      val=   4.07882
        1.1192700945044 bend   7    8   14
       -0.3135199135866 bend   7    3   14
  48 k  0.8272769432249 bend   3    8   14      val=   3.31445
        0.2841393017104 bend   7    8   14
       -1.1112505192044 bend   7    3   14
  49 k  1.4142135623731 outp   8    7    3   14 val=  -2.88432
  50 k  1.1190977679583 bend   9    8   15      val=   4.15240
       -0.8060138194156 bend   6    8   15
       -0.3129886717790 bend   6    9   15
  51 k  0.2846779010820 bend   9    8   15      val=   3.27715
        0.8268451936371 bend   6    8   15
       -1.1114339919198 bend   6    9   15
  52 k  1.4142135623731 outp   8    6    9   15 val=  -2.38935
  53 k -1.0457835954828 bend  17   24   16      val=  -1.48143
        0.9468465464246 bend   3   24   16
        0.0990872794201 bend   3   17   16
  54 k  0.4896936015380 bend  17   24   16      val=   0.90219
        0.6612310254200 bend   3   24   16
       -1.1502059414013 bend   3   17   16
  55 k  0.8164170797037 bend  17   24   16      val= 119.96611
        0.8162445396729 bend   3   24   16
        0.8168280133677 bend   3   17   16
  56 k  1.4142135623731 outp  24    3   17   16 val=   3.12611
  57 k  1.4142135623731 bend  19   16   17      val= 118.81461
  58 k  1.0000000000000 bend  21   17   19      val= 120.56354
  59 k  1.0000000000000 bend  23   16   24      val= 117.63724
  60 k -1.0451270846356 bend  30   37   29      val=  -1.58906
        0.9477191461657 bend   5   37   29
        0.0976616452449 bend   5   30   29
  61 k  0.4910562558466 bend  30   37   29      val=   0.52743
        0.6600646313849 bend   5   37   29
       -1.1502949343488 bend   5   30   29
  62 k  0.8164392999819 bend  30   37   29      val= 119.97359
        0.8161759016202 bend   5   37   29
        0.8168743887891 bend   5   30   29
  63 k  1.4142135623731 outp  37    5   30   29 val=   2.77928
  64 k  1.4142135623731 bend  32   29   30      val= 118.73244
  65 k  1.0000000000000 bend  34   30   32      val= 120.68573
  66 k  1.0000000000000 bend  36   29   37      val= 117.84185
  67 k  1.0000000000000 tors   7   14    3   16 val= 101.68325
        1.0000000000000 tors   8   14    3   16
  68 k  1.0000000000000 tors  17   16    3   14 val= 164.60962
        1.0000000000000 tors  24   16    3   14
  69 k  1.0000000000000 tors  11   28    5   29 val= 101.57531
        1.0000000000000 tors  12   28    5   29
  70 k  1.0000000000000 tors  30   29    5   28 val= 166.88281
        1.0000000000000 tors  37   29    5   28
  71 k  1.4142135623731 tors   9   13    7   14 val=   1.05264
  72 k  1.0000000000000 tors   3   14    7   13 val=  88.98266
        1.0000000000000 tors   8   14    7   13
  73 k  1.0000000000000 tors   6   15    8   14 val=  88.83384
        1.0000000000000 tors   9   15    8   14
  74 k  1.0000000000000 tors   3   14    8   15 val=  91.70984
        1.0000000000000 tors   7   14    8   15
  75 k  1.4142135623731 tors   7   13    9   15 val=  -0.34097
  76 k  1.0000000000000 tors   6   15    9   13 val=  89.75376
        1.0000000000000 tors   8   15    9   13
  77 k  1.0000000000000 tors  23   24   16    3 val=  88.51980
        1.0000000000000 tors  23   24   16   17
  78 k  1.0000000000000 tors  19   17   16    3 val=  91.95488
        1.0000000000000 tors  19   17   16   24
  79 k  1.4142135623731 tors  21   19   17   16 val=  -0.61145
  80 k  1.0000000000000 tors  36   37   29    5 val=  89.13798
        1.0000000000000 tors  36   37   29   30
  81 k  1.0000000000000 tors  32   30   29    5 val=  91.63390
        1.0000000000000 tors  32   30   29   37
  82 k  1.4142135623731 tors  34   32   30   29 val=  -0.79356
        65 non zero eigenvalues  of BmBt
           1           4.801537353    1    0
         1
           2           3.516467787    2    0
         2
           3           3.503621731    3    0
         3
           4           3.273083125    4    0
         4
           5           2.839830677    5    0
         5
           6           2.550415773    6    0
         6
           7           2.185552144    7    0
         7
           8           2.184966473    8    0
         8
           9           2.038010506    9    0
         9
          10           2.017632226   10    0
        10
          11           1.999998774   11    0
        11
          12           1.999990980   12    0
        12
          13           1.995533739   13    0
        13
          14           1.995462961   14    0
        14
          15           1.409914965   15    0
        15
          16           1.409848750   16    0
        16
          17           1.120110024   17    0
        17
          18           0.932817294   18    0
        18
          19           0.814372496   19    0
        19
          20           0.812076158   20    0
        20
          21           0.793871007   21    0
        21
          22           0.722736096   22    0
        22
          23           0.314446369   23    0
        23
          24           0.056444105   24    0
        24
          25           2.969238834   25    0
        25
          26           2.770020434   26    0
        26
          27           2.703212301   27    0
        27
          28           2.490813611   28    0
        28
          29           2.154167061   29    0
        29
          30           2.015051197   30    0
        30
          31           1.951306200   31    0
        31
          32           1.887740767   32    0
        32
          33           1.549590242   33    0
        33
          34           1.194359384   34    0
        34
          35           0.718546225   35    0
        35
          36           0.705443053   36    0
        36
          37           0.507101415   37    0
        37
          38           0.500722541   38    0
        38
          39           0.413618481   39    0
        39
          40           0.335803297   40    0
        40
          41           1.876532966    0    0
         0.000000000         0.000000000         0.000000000         0.000000000
         0.000000000         0.000000000         0.000000000         0.000000000
         0.000000000         0.000000000         0.000000000         0.000000000
         0.000000000         0.000000000         0.000000000         0.000000000
         0.000000000         0.000000000         0.000000000         0.000000000
         0.000000000         0.000000000         0.000000000         0.000000000
         0.000000000         0.000000000         0.000000000         0.000000000
         0.000000000         0.000000000         0.000000000         0.000000000
         0.000000000         0.000000000         0.000000000         0.000000000
         0.000000000         0.000000000         0.000000000         0.000000000
        -0.072744628        -0.072810276         0.049030531         0.057098265
         0.051779273        -0.049644911        -0.076569608        -0.001900119
        -0.694147240        -0.075770866         0.001160253        -0.682811249
         0.059166749         0.074197441        -0.001070971         0.019413482
         0.010532062        -0.004445986         0.015867005         0.056264229
         0.074262983        -0.000831730         0.013041847         0.009562152
        -0.004272787         0.013737324         0.000000000         0.000000000
         0.000000000         0.000000000         0.000000000         0.000000000
         0.000000000         0.000000000         0.000000000         0.000000000
         0.000000000         0.000000000         0.000000000         0.000000000
         0.000000000         0.000000000
          42           1.586586620    0    0
         0.000000000         0.000000000         0.000000000         0.000000000
         0.000000000         0.000000000         0.000000000         0.000000000
         0.000000000         0.000000000         0.000000000         0.000000000
         0.000000000         0.000000000         0.000000000         0.000000000
         0.000000000         0.000000000         0.000000000         0.000000000
         0.000000000         0.000000000         0.000000000         0.000000000
         0.000000000         0.000000000         0.000000000         0.000000000
         0.000000000         0.000000000         0.000000000         0.000000000
         0.000000000         0.000000000         0.000000000         0.000000000
         0.000000000         0.000000000         0.000000000         0.000000000
         0.058177329        -0.072682808        -0.008375142         0.012803149
         0.033166982        -0.008560873         0.009040188         0.001113369
         0.690652305        -0.034460446        -0.003669792        -0.694549805
        -0.084789049        -0.079639484        -0.000043853         0.003661774
        -0.021814831         0.010466854        -0.029212709         0.076123477
         0.087156472        -0.000471849         0.005673432         0.017099304
        -0.008664903         0.021597189         0.000000000         0.000000000
         0.000000000         0.000000000         0.000000000         0.000000000
         0.000000000         0.000000000         0.000000000         0.000000000
         0.000000000         0.000000000         0.000000000         0.000000000
         0.000000000         0.000000000
          43           1.551100267    0    0
         0.000000000         0.000000000         0.000000000         0.000000000
         0.000000000         0.000000000         0.000000000         0.000000000
         0.000000000         0.000000000         0.000000000         0.000000000
         0.000000000         0.000000000         0.000000000         0.000000000
         0.000000000         0.000000000         0.000000000         0.000000000
         0.000000000         0.000000000         0.000000000         0.000000000
         0.000000000         0.000000000         0.000000000         0.000000000
         0.000000000         0.000000000         0.000000000         0.000000000
         0.000000000         0.000000000         0.000000000         0.000000000
         0.000000000         0.000000000         0.000000000         0.000000000
         0.279915302         0.216955733        -0.304859500        -0.348592734
        -0.281739577         0.277283527         0.436075605        -0.030831664
        -0.113356273         0.405987583        -0.024839450        -0.145984983
        -0.040204039        -0.014671622         0.013634573        -0.280324624
        -0.023676111         0.013661603        -0.025109764        -0.026892589
        -0.015028248         0.009021087        -0.172315402        -0.011630323
         0.005222716        -0.016693877         0.000000000         0.000000000
         0.000000000         0.000000000         0.000000000         0.000000000
         0.000000000         0.000000000         0.000000000         0.000000000
         0.000000000         0.000000000         0.000000000         0.000000000
         0.000000000         0.000000000
          44           1.278784794    0    0
         0.000000000         0.000000000         0.000000000         0.000000000
         0.000000000         0.000000000         0.000000000         0.000000000
         0.000000000         0.000000000         0.000000000         0.000000000
         0.000000000         0.000000000         0.000000000         0.000000000
         0.000000000         0.000000000         0.000000000         0.000000000
         0.000000000         0.000000000         0.000000000         0.000000000
         0.000000000         0.000000000         0.000000000         0.000000000
         0.000000000         0.000000000         0.000000000         0.000000000
         0.000000000         0.000000000         0.000000000         0.000000000
         0.000000000         0.000000000         0.000000000         0.000000000
        -0.355978151         0.180531824        -0.004003855        -0.092653213
        -0.142279532         0.067457985        -0.055731639         0.279227684
         0.075991103         0.224312460        -0.083630372        -0.069486559
         0.475483262        -0.188695442        -0.014486448         0.307161692
         0.332874062        -0.199974545         0.329279653        -0.105379368
         0.026279280         0.006935940        -0.134298028        -0.076671774
         0.048603160        -0.068680695         0.000000000         0.000000000
         0.000000000         0.000000000         0.000000000         0.000000000
         0.000000000         0.000000000         0.000000000         0.000000000
         0.000000000         0.000000000         0.000000000         0.000000000
         0.000000000         0.000000000
          45           1.130313036    0    0
         0.000000000         0.000000000         0.000000000         0.000000000
         0.000000000         0.000000000         0.000000000         0.000000000
         0.000000000         0.000000000         0.000000000         0.000000000
         0.000000000         0.000000000         0.000000000         0.000000000
         0.000000000         0.000000000         0.000000000         0.000000000
         0.000000000         0.000000000         0.000000000         0.000000000
         0.000000000         0.000000000         0.000000000         0.000000000
         0.000000000         0.000000000         0.000000000         0.000000000
         0.000000000         0.000000000         0.000000000         0.000000000
         0.000000000         0.000000000         0.000000000         0.000000000
        -0.004736596        -0.369142225        -0.162514119        -0.106150611
         0.001146012         0.072215667         0.210214547         0.095011239
        -0.010461789        -0.053956079         0.262876748         0.058656639
         0.203432262        -0.094863711         0.001291443        -0.022254250
         0.153399218        -0.096839494         0.138134294         0.452675300
        -0.154660512        -0.014267695         0.281109595         0.369506202
        -0.249394823         0.286999979         0.000000000         0.000000000
         0.000000000         0.000000000         0.000000000         0.000000000
         0.000000000         0.000000000         0.000000000         0.000000000
         0.000000000         0.000000000         0.000000000         0.000000000
         0.000000000         0.000000000
          46           0.896801650    0    0
         0.000000000         0.000000000         0.000000000         0.000000000
         0.000000000         0.000000000         0.000000000         0.000000000
         0.000000000         0.000000000         0.000000000         0.000000000
         0.000000000         0.000000000         0.000000000         0.000000000
         0.000000000         0.000000000         0.000000000         0.000000000
         0.000000000         0.000000000         0.000000000         0.000000000
         0.000000000         0.000000000         0.000000000         0.000000000
         0.000000000         0.000000000         0.000000000         0.000000000
         0.000000000         0.000000000         0.000000000         0.000000000
         0.000000000         0.000000000         0.000000000         0.000000000
         0.209306094        -0.137795164        -0.223769218         0.035839918
         0.348747981        -0.073785771         0.301884165         0.119048354
        -0.007045839        -0.405632474        -0.142055900         0.023454205
         0.225822291        -0.131873149         0.016951547        -0.343214201
         0.206428758        -0.145333661         0.142296640        -0.221209047
         0.139725990        -0.005987851         0.108315458        -0.251737594
         0.192122636        -0.131120102         0.000000000         0.000000000
         0.000000000         0.000000000         0.000000000         0.000000000
         0.000000000         0.000000000         0.000000000         0.000000000
         0.000000000         0.000000000         0.000000000         0.000000000
         0.000000000         0.000000000
          47           0.637355898    0    0
         0.000000000         0.000000000         0.000000000         0.000000000
         0.000000000         0.000000000         0.000000000         0.000000000
         0.000000000         0.000000000         0.000000000         0.000000000
         0.000000000         0.000000000         0.000000000         0.000000000
         0.000000000         0.000000000         0.000000000         0.000000000
         0.000000000         0.000000000         0.000000000         0.000000000
         0.000000000         0.000000000         0.000000000         0.000000000
         0.000000000         0.000000000         0.000000000         0.000000000
         0.000000000         0.000000000         0.000000000         0.000000000
         0.000000000         0.000000000         0.000000000         0.000000000
        -0.049058464        -0.098883880        -0.435111068         0.280232939
        -0.233237238         0.572929605         0.022462237        -0.015628346
        -0.021426246        -0.263738164         0.040066500         0.005027239
        -0.084634585         0.025597900        -0.019580732         0.401911441
        -0.106681242         0.090847664        -0.027860061        -0.053932456
         0.079100562        -0.007970161         0.149296044        -0.153168190
         0.140138611        -0.012500129         0.000000000         0.000000000
         0.000000000         0.000000000         0.000000000         0.000000000
         0.000000000         0.000000000         0.000000000         0.000000000
         0.000000000         0.000000000         0.000000000         0.000000000
         0.000000000         0.000000000
          48           0.538745028    0    0
         0.000000000         0.000000000         0.000000000         0.000000000
         0.000000000         0.000000000         0.000000000         0.000000000
         0.000000000         0.000000000         0.000000000         0.000000000
         0.000000000         0.000000000         0.000000000         0.000000000
         0.000000000         0.000000000         0.000000000         0.000000000
         0.000000000         0.000000000         0.000000000         0.000000000
         0.000000000         0.000000000         0.000000000         0.000000000
         0.000000000         0.000000000         0.000000000         0.000000000
         0.000000000         0.000000000         0.000000000         0.000000000
         0.000000000         0.000000000         0.000000000         0.000000000
        -0.101003591        -0.101938561        -0.025727266        -0.357354494
         0.277452349        -0.311827560         0.477226566        -0.044292260
        -0.033543466         0.035096033         0.090343828         0.010193504
        -0.111715489        -0.026837525        -0.027491622         0.566719385
        -0.186294859         0.175964879         0.001469022        -0.020578756
         0.042062242         0.001274484        -0.026216342        -0.129147490
         0.126358925         0.013058290         0.000000000         0.000000000
         0.000000000         0.000000000         0.000000000         0.000000000
         0.000000000         0.000000000         0.000000000         0.000000000
         0.000000000         0.000000000         0.000000000         0.000000000
         0.000000000         0.000000000
          49           0.462578687    0    0
         0.000000000         0.000000000         0.000000000         0.000000000
         0.000000000         0.000000000         0.000000000         0.000000000
         0.000000000         0.000000000         0.000000000         0.000000000
         0.000000000         0.000000000         0.000000000         0.000000000
         0.000000000         0.000000000         0.000000000         0.000000000
         0.000000000         0.000000000         0.000000000         0.000000000
         0.000000000         0.000000000         0.000000000         0.000000000
         0.000000000         0.000000000         0.000000000         0.000000000
         0.000000000         0.000000000         0.000000000         0.000000000
         0.000000000         0.000000000         0.000000000         0.000000000
         0.144984961         0.165275675        -0.067743288         0.080712689
         0.101523359         0.006445795         0.097910199        -0.259732210
        -0.058645210        -0.179775740        -0.055279767        -0.016341205
        -0.251259012        -0.251588091        -0.013191547         0.280398275
         0.363504297        -0.420295758        -0.224818709        -0.101150591
        -0.124063536         0.012685102        -0.238246935         0.258061092
        -0.288596194        -0.130771408         0.000000000         0.000000000
         0.000000000         0.000000000         0.000000000         0.000000000
         0.000000000         0.000000000         0.000000000         0.000000000
         0.000000000         0.000000000         0.000000000         0.000000000
         0.000000000         0.000000000
          50           0.447425240    0    0
         0.000000000         0.000000000         0.000000000         0.000000000
         0.000000000         0.000000000         0.000000000         0.000000000
         0.000000000         0.000000000         0.000000000         0.000000000
         0.000000000         0.000000000         0.000000000         0.000000000
         0.000000000         0.000000000         0.000000000         0.000000000
         0.000000000         0.000000000         0.000000000         0.000000000
         0.000000000         0.000000000         0.000000000         0.000000000
         0.000000000         0.000000000         0.000000000         0.000000000
         0.000000000         0.000000000         0.000000000         0.000000000
         0.000000000         0.000000000         0.000000000         0.000000000
        -0.045381249         0.165839184        -0.150312982         0.074036160
         0.149793369         0.029058074         0.095369309         0.175767609
         0.031648721        -0.208245949        -0.231440659        -0.032232554
         0.188921602         0.137013661        -0.000310820         0.001802451
        -0.310210898         0.363469208         0.205865968        -0.167522841
        -0.173448060         0.009834942        -0.181795154         0.375972568
        -0.425124987        -0.203835621         0.000000000         0.000000000
         0.000000000         0.000000000         0.000000000         0.000000000
         0.000000000         0.000000000         0.000000000         0.000000000
         0.000000000         0.000000000         0.000000000         0.000000000
         0.000000000         0.000000000
          51           0.343570670    0    0
         0.000000000         0.000000000         0.000000000         0.000000000
         0.000000000         0.000000000         0.000000000         0.000000000
         0.000000000         0.000000000         0.000000000         0.000000000
         0.000000000         0.000000000         0.000000000         0.000000000
         0.000000000         0.000000000         0.000000000         0.000000000
         0.000000000         0.000000000         0.000000000         0.000000000
         0.000000000         0.000000000         0.000000000         0.000000000
         0.000000000         0.000000000         0.000000000         0.000000000
         0.000000000         0.000000000         0.000000000         0.000000000
         0.000000000         0.000000000         0.000000000         0.000000000
        -0.006130040        -0.045141496         0.041305662        -0.076909674
        -0.048650552        -0.023354799        -0.027096816         0.100968465
        -0.021815452         0.154703305        -0.130706684        -0.109175493
        -0.132799460        -0.154947750        -0.000767200         0.021275989
        -0.003623999        -0.012225823        -0.045259289        -0.406556903
        -0.589652028        -0.030047619         0.598856412        -0.022926034
        -0.004714645        -0.075386879         0.000000000         0.000000000
         0.000000000         0.000000000         0.000000000         0.000000000
         0.000000000         0.000000000         0.000000000         0.000000000
         0.000000000         0.000000000         0.000000000         0.000000000
         0.000000000         0.000000000
          52           0.292068442    0    0
         0.000000000         0.000000000         0.000000000         0.000000000
         0.000000000         0.000000000         0.000000000         0.000000000
         0.000000000         0.000000000         0.000000000         0.000000000
         0.000000000         0.000000000         0.000000000         0.000000000
         0.000000000         0.000000000         0.000000000         0.000000000
         0.000000000         0.000000000         0.000000000         0.000000000
         0.000000000         0.000000000         0.000000000         0.000000000
         0.000000000         0.000000000         0.000000000         0.000000000
         0.000000000         0.000000000         0.000000000         0.000000000
         0.000000000         0.000000000         0.000000000         0.000000000
         0.043827806        -0.005074581         0.004980851         0.010878706
        -0.002514674        -0.000586078        -0.107883746         0.310425513
        -0.120251827         0.061423743        -0.271529999         0.065332228
        -0.306343739        -0.719801804         0.002335931        -0.021575284
        -0.146338409         0.163596708         0.074284086         0.177628733
         0.296407886        -0.003024748         0.046263033         0.057557686
        -0.050400125         0.011372767         0.000000000         0.000000000
         0.000000000         0.000000000         0.000000000         0.000000000
         0.000000000         0.000000000         0.000000000         0.000000000
         0.000000000         0.000000000         0.000000000         0.000000000
         0.000000000         0.000000000
          53           0.234763926    0    0
         0.000000000         0.000000000         0.000000000         0.000000000
         0.000000000         0.000000000         0.000000000         0.000000000
         0.000000000         0.000000000         0.000000000         0.000000000
         0.000000000         0.000000000         0.000000000         0.000000000
         0.000000000         0.000000000         0.000000000         0.000000000
         0.000000000         0.000000000         0.000000000         0.000000000
         0.000000000         0.000000000         0.000000000         0.000000000
         0.000000000         0.000000000         0.000000000         0.000000000
         0.000000000         0.000000000         0.000000000         0.000000000
         0.000000000         0.000000000         0.000000000         0.000000000
        -0.077662241        -0.029823677        -0.053899210        -0.076778340
         0.030827882        -0.012968847         0.078038136         0.239688834
         0.026098258         0.148278493        -0.500050889         0.048351911
        -0.086500376         0.444854291        -0.005171494         0.089140715
         0.116834832        -0.202878162        -0.268382947         0.102215196
         0.382003549        -0.017705168         0.323804261         0.118127132
        -0.143279694        -0.091395849         0.000000000         0.000000000
         0.000000000         0.000000000         0.000000000         0.000000000
         0.000000000         0.000000000         0.000000000         0.000000000
         0.000000000         0.000000000         0.000000000         0.000000000
         0.000000000         0.000000000
          54           0.159259244    0    0
         0.000000000         0.000000000         0.000000000         0.000000000
         0.000000000         0.000000000         0.000000000         0.000000000
         0.000000000         0.000000000         0.000000000         0.000000000
         0.000000000         0.000000000         0.000000000         0.000000000
         0.000000000         0.000000000         0.000000000         0.000000000
         0.000000000         0.000000000         0.000000000         0.000000000
         0.000000000         0.000000000         0.000000000         0.000000000
         0.000000000         0.000000000         0.000000000         0.000000000
         0.000000000         0.000000000         0.000000000         0.000000000
         0.000000000         0.000000000         0.000000000         0.000000000
         0.339261613         0.182400329         0.109977525         0.072794309
        -0.029210291        -0.028694818        -0.013480779        -0.606247193
         0.004446616         0.089143826        -0.276475284         0.009022618
         0.307776714        -0.081406016        -0.008321850         0.175536700
        -0.023563466         0.119071201         0.280529034         0.109654797
         0.162310679        -0.017944041         0.337462810         0.032102930
        -0.022093151         0.024512647         0.000000000         0.000000000
         0.000000000         0.000000000         0.000000000         0.000000000
         0.000000000         0.000000000         0.000000000         0.000000000
         0.000000000         0.000000000         0.000000000         0.000000000
         0.000000000         0.000000000
          55           0.137161095    0    0
         0.000000000         0.000000000         0.000000000         0.000000000
         0.000000000         0.000000000         0.000000000         0.000000000
         0.000000000         0.000000000         0.000000000         0.000000000
         0.000000000         0.000000000         0.000000000         0.000000000
         0.000000000         0.000000000         0.000000000         0.000000000
         0.000000000         0.000000000         0.000000000         0.000000000
         0.000000000         0.000000000         0.000000000         0.000000000
         0.000000000         0.000000000         0.000000000         0.000000000
         0.000000000         0.000000000         0.000000000         0.000000000
         0.000000000         0.000000000         0.000000000         0.000000000
         0.091294971         0.264075109        -0.066952653         0.085887765
         0.130767090        -0.011492600         0.009441695         0.142398670
        -0.000797454        -0.113010463        -0.432153187        -0.019360962
        -0.010896820         0.082190304        -0.003735040         0.073720731
         0.010749576        -0.024249549        -0.040777361         0.355109424
        -0.435895480         0.009529758        -0.163571897        -0.121540858
         0.278125130         0.472016253         0.000000000         0.000000000
         0.000000000         0.000000000         0.000000000         0.000000000
         0.000000000         0.000000000         0.000000000         0.000000000
         0.000000000         0.000000000         0.000000000         0.000000000
         0.000000000         0.000000000
          56           0.018067205    0    0
         0.000000000         0.000000000         0.000000000         0.000000000
         0.000000000         0.000000000         0.000000000         0.000000000
         0.000000000         0.000000000         0.000000000         0.000000000
         0.000000000         0.000000000         0.000000000         0.000000000
         0.000000000         0.000000000         0.000000000         0.000000000
         0.000000000         0.000000000         0.000000000         0.000000000
         0.000000000         0.000000000         0.000000000         0.000000000
         0.000000000         0.000000000         0.000000000         0.000000000
         0.000000000         0.000000000         0.000000000         0.000000000
         0.000000000         0.000000000         0.000000000         0.000000000
         0.638566076        -0.503895585         0.101086653        -0.000898102
        -0.087845091        -0.009404152        -0.191301667         0.247617878
        -0.021476030         0.149080747        -0.094890761         0.018629375
         0.111720584         0.100013267        -0.013329473         0.271019210
         0.017983153        -0.002509384         0.042895055        -0.110015178
        -0.075769538         0.013990948        -0.265286367        -0.014544114
        -0.005435019        -0.058383282         0.000000000         0.000000000
         0.000000000         0.000000000         0.000000000         0.000000000
         0.000000000         0.000000000         0.000000000         0.000000000
         0.000000000         0.000000000         0.000000000         0.000000000
         0.000000000         0.000000000
          57           1.100417465    0    0
         0.000000000         0.000000000         0.000000000         0.000000000
         0.000000000         0.000000000         0.000000000         0.000000000
         0.000000000         0.000000000         0.000000000         0.000000000
         0.000000000         0.000000000         0.000000000         0.000000000
         0.000000000         0.000000000         0.000000000         0.000000000
         0.000000000         0.000000000         0.000000000         0.000000000
         0.000000000         0.000000000         0.000000000         0.000000000
         0.000000000         0.000000000         0.000000000         0.000000000
         0.000000000         0.000000000         0.000000000         0.000000000
         0.000000000         0.000000000         0.000000000         0.000000000
         0.000000000         0.000000000         0.000000000         0.000000000
         0.000000000         0.000000000         0.000000000         0.000000000
         0.000000000         0.000000000         0.000000000         0.000000000
         0.000000000         0.000000000         0.000000000         0.000000000
         0.000000000         0.000000000         0.000000000         0.000000000
         0.000000000         0.000000000         0.000000000         0.000000000
         0.000000000         0.000000000        -0.281969700         0.169771257
         0.285671476        -0.152315869         0.168428070        -0.536810920
         0.276070033         0.307777104         0.168282962        -0.519488484
        -0.016774077         0.014801352        -0.008675207         0.017957003
        -0.015241146         0.008319266
          58           0.903805236    0    0
         0.000000000         0.000000000         0.000000000         0.000000000
         0.000000000         0.000000000         0.000000000         0.000000000
         0.000000000         0.000000000         0.000000000         0.000000000
         0.000000000         0.000000000         0.000000000         0.000000000
         0.000000000         0.000000000         0.000000000         0.000000000
         0.000000000         0.000000000         0.000000000         0.000000000
         0.000000000         0.000000000         0.000000000         0.000000000
         0.000000000         0.000000000         0.000000000         0.000000000
         0.000000000         0.000000000         0.000000000         0.000000000
         0.000000000         0.000000000         0.000000000         0.000000000
         0.000000000         0.000000000         0.000000000         0.000000000
         0.000000000         0.000000000         0.000000000         0.000000000
         0.000000000         0.000000000         0.000000000         0.000000000
         0.000000000         0.000000000         0.000000000         0.000000000
         0.000000000         0.000000000         0.000000000         0.000000000
         0.000000000         0.000000000         0.000000000         0.000000000
         0.000000000         0.000000000        -0.269364326        -0.184687049
        -0.254363331        -0.181288673         0.287974650         0.111527786
         0.556396047        -0.541476010        -0.279579583        -0.138427722
         0.000720209        -0.008815686         0.011111177         0.007392602
        -0.006259158         0.002022632
          59           0.650790073    0    0
         0.000000000         0.000000000         0.000000000         0.000000000
         0.000000000         0.000000000         0.000000000         0.000000000
         0.000000000         0.000000000         0.000000000         0.000000000
         0.000000000         0.000000000         0.000000000         0.000000000
         0.000000000         0.000000000         0.000000000         0.000000000
         0.000000000         0.000000000         0.000000000         0.000000000
         0.000000000         0.000000000         0.000000000         0.000000000
         0.000000000         0.000000000         0.000000000         0.000000000
         0.000000000         0.000000000         0.000000000         0.000000000
         0.000000000         0.000000000         0.000000000         0.000000000
         0.000000000         0.000000000         0.000000000         0.000000000
         0.000000000         0.000000000         0.000000000         0.000000000
         0.000000000         0.000000000         0.000000000         0.000000000
         0.000000000         0.000000000         0.000000000         0.000000000
         0.000000000         0.000000000         0.000000000         0.000000000
         0.000000000         0.000000000         0.000000000         0.000000000
         0.000000000         0.000000000        -0.234668111         0.221206533
        -0.244813398         0.215597887         0.454300946        -0.376495813
        -0.194181282         0.183655704        -0.459918951         0.394890580
        -0.013932103         0.025724741        -0.025035857        -0.017211937
         0.022047334        -0.016710984
          60           0.328906860    0    0
         0.000000000         0.000000000         0.000000000         0.000000000
         0.000000000         0.000000000         0.000000000         0.000000000
         0.000000000         0.000000000         0.000000000         0.000000000
         0.000000000         0.000000000         0.000000000         0.000000000
         0.000000000         0.000000000         0.000000000         0.000000000
         0.000000000         0.000000000         0.000000000         0.000000000
         0.000000000         0.000000000         0.000000000         0.000000000
         0.000000000         0.000000000         0.000000000         0.000000000
         0.000000000         0.000000000         0.000000000         0.000000000
         0.000000000         0.000000000         0.000000000         0.000000000
         0.000000000         0.000000000         0.000000000         0.000000000
         0.000000000         0.000000000         0.000000000         0.000000000
         0.000000000         0.000000000         0.000000000         0.000000000
         0.000000000         0.000000000         0.000000000         0.000000000
         0.000000000         0.000000000         0.000000000         0.000000000
         0.000000000         0.000000000         0.000000000         0.000000000
         0.000000000         0.000000000        -0.017490403         0.011259094
        -0.013946113         0.053696769        -0.030910404         0.026693874
         0.028235966        -0.020337187         0.035558336        -0.040982096
        -0.090782227         0.349370677        -0.433431252        -0.082278326
         0.493894497        -0.649462268
          61           0.292685803    0    0
         0.000000000         0.000000000         0.000000000         0.000000000
         0.000000000         0.000000000         0.000000000         0.000000000
         0.000000000         0.000000000         0.000000000         0.000000000
         0.000000000         0.000000000         0.000000000         0.000000000
         0.000000000         0.000000000         0.000000000         0.000000000
         0.000000000         0.000000000         0.000000000         0.000000000
         0.000000000         0.000000000         0.000000000         0.000000000
         0.000000000         0.000000000         0.000000000         0.000000000
         0.000000000         0.000000000         0.000000000         0.000000000
         0.000000000         0.000000000         0.000000000         0.000000000
         0.000000000         0.000000000         0.000000000         0.000000000
         0.000000000         0.000000000         0.000000000         0.000000000
         0.000000000         0.000000000         0.000000000         0.000000000
         0.000000000         0.000000000         0.000000000         0.000000000
         0.000000000         0.000000000         0.000000000         0.000000000
         0.000000000         0.000000000         0.000000000         0.000000000
         0.000000000         0.000000000        -0.018940143        -0.078079891
         0.007722011         0.014479310         0.010987313        -0.032643904
        -0.011589214         0.031110104         0.000309231        -0.002702605
        -0.116482468        -0.433693472         0.700529215        -0.011609220
         0.317767673        -0.444375052
          62           0.133061083    0    0
         0.000000000         0.000000000         0.000000000         0.000000000
         0.000000000         0.000000000         0.000000000         0.000000000
         0.000000000         0.000000000         0.000000000         0.000000000
         0.000000000         0.000000000         0.000000000         0.000000000
         0.000000000         0.000000000         0.000000000         0.000000000
         0.000000000         0.000000000         0.000000000         0.000000000
         0.000000000         0.000000000         0.000000000         0.000000000
         0.000000000         0.000000000         0.000000000         0.000000000
         0.000000000         0.000000000         0.000000000         0.000000000
         0.000000000         0.000000000         0.000000000         0.000000000
         0.000000000         0.000000000         0.000000000         0.000000000
         0.000000000         0.000000000         0.000000000         0.000000000
         0.000000000         0.000000000         0.000000000         0.000000000
         0.000000000         0.000000000         0.000000000         0.000000000
         0.000000000         0.000000000         0.000000000         0.000000000
         0.000000000         0.000000000         0.000000000         0.000000000
         0.000000000         0.000000000        -0.093120479        -0.477283575
        -0.007484812         0.143506001         0.001601946        -0.070551239
        -0.045392028         0.090193161         0.024516328        -0.010635495
        -0.755765629         0.301910398         0.121082724        -0.140827036
        -0.052735131         0.165480126
          63           0.054736633    0    0
         0.000000000         0.000000000         0.000000000         0.000000000
         0.000000000         0.000000000         0.000000000         0.000000000
         0.000000000         0.000000000         0.000000000         0.000000000
         0.000000000         0.000000000         0.000000000         0.000000000
         0.000000000         0.000000000         0.000000000         0.000000000
         0.000000000         0.000000000         0.000000000         0.000000000
         0.000000000         0.000000000         0.000000000         0.000000000
         0.000000000         0.000000000         0.000000000         0.000000000
         0.000000000         0.000000000         0.000000000         0.000000000
         0.000000000         0.000000000         0.000000000         0.000000000
         0.000000000         0.000000000         0.000000000         0.000000000
         0.000000000         0.000000000         0.000000000         0.000000000
         0.000000000         0.000000000         0.000000000         0.000000000
         0.000000000         0.000000000         0.000000000         0.000000000
         0.000000000         0.000000000         0.000000000         0.000000000
         0.000000000         0.000000000         0.000000000         0.000000000
         0.000000000         0.000000000        -0.493971807         0.364520805
        -0.512647039         0.300750589        -0.289635362         0.171464469
        -0.019141405         0.016249996         0.287922188        -0.165981002
        -0.055895735        -0.019334297         0.063349384        -0.170937661
         0.018147329         0.091816056
          64           0.018022632    0    0
         0.000000000         0.000000000         0.000000000         0.000000000
         0.000000000         0.000000000         0.000000000         0.000000000
         0.000000000         0.000000000         0.000000000         0.000000000
         0.000000000         0.000000000         0.000000000         0.000000000
         0.000000000         0.000000000         0.000000000         0.000000000
         0.000000000         0.000000000         0.000000000         0.000000000
         0.000000000         0.000000000         0.000000000         0.000000000
         0.000000000         0.000000000         0.000000000         0.000000000
         0.000000000         0.000000000         0.000000000         0.000000000
         0.000000000         0.000000000         0.000000000         0.000000000
         0.000000000         0.000000000         0.000000000         0.000000000
         0.000000000         0.000000000         0.000000000         0.000000000
         0.000000000         0.000000000         0.000000000         0.000000000
         0.000000000         0.000000000         0.000000000         0.000000000
         0.000000000         0.000000000         0.000000000         0.000000000
         0.000000000         0.000000000         0.000000000         0.000000000
         0.000000000         0.000000000        -0.227141832        -0.286043727
        -0.115951456         0.198324595        -0.066288885        -0.013170806
        -0.057461431         0.079964999         0.078577728        -0.027240145
         0.074735958         0.013322016        -0.049655892         0.821673891
        -0.236779747        -0.230622034
          65           0.006985446    0    0
         0.000000000         0.000000000         0.000000000         0.000000000
         0.000000000         0.000000000         0.000000000         0.000000000
         0.000000000         0.000000000         0.000000000         0.000000000
         0.000000000         0.000000000         0.000000000         0.000000000
         0.000000000         0.000000000         0.000000000         0.000000000
         0.000000000         0.000000000         0.000000000         0.000000000
         0.000000000         0.000000000         0.000000000         0.000000000
         0.000000000         0.000000000         0.000000000         0.000000000
         0.000000000         0.000000000         0.000000000         0.000000000
         0.000000000         0.000000000         0.000000000         0.000000000
         0.000000000         0.000000000         0.000000000         0.000000000
         0.000000000         0.000000000         0.000000000         0.000000000
         0.000000000         0.000000000         0.000000000         0.000000000
         0.000000000         0.000000000         0.000000000         0.000000000
         0.000000000         0.000000000         0.000000000         0.000000000
         0.000000000         0.000000000         0.000000000         0.000000000
         0.000000000         0.000000000        -0.276878356        -0.299449659
        -0.310513489        -0.740258084        -0.096051416        -0.046238436
        -0.268140087         0.226758687         0.071388780         0.121379265
         0.134279148        -0.009969871        -0.051902747        -0.088380358
         0.077746996         0.008717475
$end
