$coord
    4.54571788231293     -8.16322987815396      6.44182448651364      c
    2.28033252455311     -9.52010577595235      6.26461674121059      c
    1.17823290549740     -9.86273901309254      7.95521203798034      h
    1.48741213193450    -10.36378893681560      3.94082637375212      c
    2.89293751724312     -9.87042301749408      1.77043528102110      c
    5.14864634336689     -8.59788446317070      1.95181478573512      c
    6.27211460758804     -8.22437310101916      0.28314862690183      h
    5.99654245967079     -7.74406197674146      4.29647207607075      c
    7.75567094232100     -6.71244536299012      4.37989195750824      h
   -2.35920118957215    -10.07475324609199      1.55359997871143      c
   -4.71766463006203     -9.03910981492409      1.87077444744416      c
   -5.83242106783796     -9.47537161201684      3.53046743070806      h
   -5.69103497110989     -7.39289341357686      0.05448118235632      c
   -7.56005499681227     -6.61821908266172      0.33632627617168      h
   -4.26012319390469     -6.77627804408764     -2.05638599383277      c
   -1.88194575245133     -7.88282891304935     -2.41160990927854      c
   -0.78850920490661     -7.40469588711241     -4.07452733224298      h
   -0.96595127625015     -9.51442582611474     -0.61262653556793      c
    1.60361120287303    -10.78767132698443     -0.61808765511936      c
   -0.94735750493823    -11.77441979521743      3.37506315655362      c
   -0.18885866280275    -14.11237082545268      1.87988311637728      c
   -2.03093610713814    -12.20604552718838      5.06694516784726      h
    1.10036296073958    -13.58616430053080     -0.22216414103179      c
    2.69913722060287    -10.40551786928198     -2.31742671470597      h
   -0.70141286127759    -16.71823343180768      2.72838621271507      c
    2.17394321094300    -15.40735743650860     -2.06638566863755      c
   -2.45210844105980    -16.78263492047119      4.53766859384990      o
    0.40581830909197    -16.77454519186892     -3.18344889510390      o
   -3.07433837586244    -19.20127272123793      5.52141050780548      c
   -4.50138849771508    -18.87668882531077      6.96180889917038      h
   -1.43658605786441    -20.11988843655804      6.36934498554988      h
   -3.83972640358797    -20.43850193174096      4.06258993226154      h
    1.25327638687826    -18.69998072359725     -4.85330047914035      c
   -0.44197878556257    -19.60780723653426     -5.57182254287986      h
    2.40653712844742    -20.08669615292435     -3.85867090807015      h
    2.34016030905720    -17.92701413818840     -6.42384865564718      h
    0.34170349188281    -18.56644870662267      1.92024691068527      o
    4.38821450037008    -15.48097360774130     -2.54936017292694      o
   -5.48043482017567     20.18423757980767      1.83586251302955      h
   -4.21084952985276     19.01681882107832      2.94920260106889      c
   -2.63218460165996     20.16018627942398      3.61431816970385      h
   -5.22046141662233     18.25760660732768      4.57700003077149      h
   -3.36625098565075     17.07039051071238      1.30283880108329      o
   -6.01894780859273      8.20624873767865     -0.10266919874490      h
   -2.42592817521480     10.41567306854749      2.48454010992499      h
    1.04186478754259      7.42629375605778      4.24598218427970      h
   -1.77079376206851     15.40601705376255      2.26736805841844      c
   -1.20492339739828     15.25069592755796      4.45743951498779      o
   -4.90828697426460      8.58925257214090     -1.77840614584962      c
   -1.34967793095822     10.78497487676541      0.77007171394588      c
    2.12500194971785      7.87136526740943      2.56775249943309      c
   -7.52788618885216      6.69751029044408     -4.18995936334417      h
   -0.85131481985090     13.57984241072585      0.34682181511373      c
   -2.65094353503589      9.86136688294745     -1.60813104983766      c
   -5.77050400212135      7.73313917072076     -4.11744320169343      c
    1.21448522265807      9.49683398759848      0.76190356170910      c
    4.49203813280956      6.74248633932460      2.20655988399661      c
    0.48727627685829     14.08371275070224     -1.72974985532530      c
   -4.33015738925250      8.14954429252699     -6.27019559070009      c
   -1.25338315640477     10.34645429002602     -3.78736946237762      c
    2.59990316602233     10.03074794952594     -1.41502239296205      c
    1.34229647171056     18.42348431062841     -0.98018885088053      o
    5.91690467611565      7.33179592208408      0.08347373863228      c
    1.32813259639936     16.65510769725647     -2.40452097963624      c
    1.19356311977782     11.73758808802443     -3.23681041472648      c
   -2.06102867299605      9.50172459883038     -6.10547742335450      c
    4.94763749742014      8.97342198968192     -1.73893808172862      c
    7.77891079430323      6.54194047628041     -0.20181708181379      h
    2.10707978707356     16.78229420284943     -4.79598187299550      o
    2.27496740308923     12.15477234391525     -4.93382832370407      h
   -0.96541837348067      9.83840803324118     -7.80135148110386      h
    6.05745834848220      9.38876281773011     -3.40746440082808      h
    2.98005351402392     19.17296726938389     -5.64912368007168      c
    1.49936427177978     20.60151405433378     -5.54293203181508      h
    4.60062689866573     19.82408695936086     -4.55585834171460      h
    3.53518626583449     18.90703102399084     -7.60805045010792      h
   -4.99197179530592     -5.11864051593848     -3.85658918576216      o
   -7.10641036491356     -3.58559773399103     -3.38428369727381      c
  -11.09586581713368     -0.90542164746030     -5.03829824248100      h
   -9.31592200112974     -0.08238279973576     -5.63038628957367      c
   -9.31941912831125      2.20800722524179     -6.89716136816436      c
  -11.10130048051925      3.15103858014400     -7.26312384133286      h
   -7.06897564611155      3.32057857269026     -7.66305470865782      c
   -4.81811491238170      2.05897378479915     -7.17911398739668      c
   -3.03753331380791      2.87780704701495     -7.76345472426235      h
   -4.80962210519529     -0.21241863439189     -5.87625383240809      c
   -3.02758655133485     -1.12637107253387     -5.47097296142831      h
   -7.05875090492434     -1.29499209126171     -5.05958657428580      c
   -7.11925861289105      5.85524423520789     -8.96918786930857      c
   -4.92675791337788      7.31190655453546     -8.61345013732728      o
   -8.81057616298879      6.90600698721978     -8.38534299658017      h
   -7.25410361158276      5.60099367827538    -11.01281518818256      h
    5.12979897080794     -7.32804991797086      8.78903933219752      o
    5.21912915969864      5.09174328799866      4.01388772139220      o
    7.32153206356593     -5.87262555823294      9.15800949347912      c
    7.33371304924590      3.55569735328083      3.55394368742951      c
   11.31600492764148      0.86569998209227      5.20598876006101      h
    9.53447449757636      0.05126467950554      5.80514230419192      c
    7.28056110025145      1.27144553672812      5.23772028539397      c
    5.02944279684969      0.20044230605211      6.06394691213207      c
    3.25022217903680      1.12169853569770      5.66301978118986      h
    5.03268707867463     -2.06845964306839      7.37112641414261      c
    3.25068837447378     -2.87920355462715      7.96254984455433      h
    7.27965157506369     -3.33861563068343      7.85055654809716      c
    9.53242527855786     -2.23628168558725      7.07690890539001      c
   11.31138511416441     -3.18616103004981      7.43914748424105      h
    9.09335043514369      4.61727255130725      3.83439340746835      h
    7.32956963572693      2.90003570654347      1.58558075892132      h
    7.44403318218501     -5.61841978780978     11.20238533287434      h
    9.01526090420923     -6.92475382634846      8.58413160329340      h
   -8.86664925063945     -4.64624923388370     -3.66508471740075      h
   -7.09726144481381     -2.93965154724805     -1.41273771406739      h
$user-defined bonds
$end
