$coord
   -4.70025219380000      2.55640142250000      1.11292927280000      c
   -6.92027962320000      1.25230914460000      1.11292927280000      c
   -6.92027962320000     -1.41988570310000      1.11292927280000      c
   -4.70025219380000     -2.72397798100000      1.11292927280000      c
   -2.34393306610000     -1.43580258900000      1.11292927280000      c
   -2.34393306610000      1.26822603050000      1.11292927280000      c
   -0.04616722190000     -2.72427289730000      1.11292927280000      c
   -0.04616722190000      2.55669633880000      1.11292927280000      c
    2.25159862220000      1.26822603050000      1.11292927280000      c
    2.25159862220000     -1.43580258900000      1.11292927280000      c
    4.60791774990000      2.55640142250000      1.11292927280000      c
    4.60791774990000     -2.72397798100000      1.11292927280000      c
    6.82794517930000      1.25230914460000      1.11292927280000      c
    6.82794517930000     -1.41988570310000      1.11292927280000      c
   -4.68895756480000      4.60276906090000      1.11292927280000      h
   -8.70681651800000      2.24699084580000      1.11292927280000      h
   -8.70681651800000     -2.41456740430000      1.11292927280000      h
   -4.68895756480000     -4.77034561940000      1.11292927280000      h
   -0.04616722190000     -4.77199248940000      1.11292927280000      h
   -0.04616722190000      4.60441593090000      1.11292927280000      h
    4.59662312090000      4.60276906090000      1.11292927280000      h
    4.59662312090000     -4.77034561940000      1.11292927280000      h
    8.61448207410000      2.24699084580000      1.11292927280000      h
    8.61448207410000     -2.41456740430000      1.11292927280000      h
$user-defined bonds
$end
