$coord
    5.08583715350759     -1.36659267462778      0.00000000000000       n
    6.01095565807172      0.94946720994018      0.00000000000000       c
    4.16263379188447      2.76885544163877      0.00000000000000       n
    1.89210360796042      1.53976196104438      0.00000000000000       c
    2.51309618517146     -1.01741849215553      0.00000000000000       c
   -0.41374172108884      2.66851871340099      0.00000000000000       n
   -2.24536827270478      1.00853579671221      0.00000000000000       c
    0.49977979881012     -2.83817847604799      0.00000000000000       c
   -1.86592513746968     -1.54797654381635      0.00000000000000       n
    0.53840400555765     -5.14079314821185      0.00000000000000       o
   -4.68487784228190      1.82154856660426      0.00000000000000       n
    7.99039758871073      1.42560887819163      0.00000000000000       h
    4.39679157012392      4.65806302541595      0.00000000000000       h
   -3.36663985767627     -2.73134297966762      0.00000000000000       h
   -4.98712209374366      3.69236597824346      0.00000000000000       h
   -6.15630781688587      0.63272188049945      0.00000000000000       h
$end
