$coord
    3.49479357204527      2.09400804167367      5.71113445087364  c
    1.12880617567683      1.05049685830969      5.28520612804692  c
    0.01640188552644      0.36589736543503      6.86102345369947  h
    0.19017919247446      0.87648589845167      2.84784888176036  c
    1.62071345046818      1.76518427973898      0.83089437487368  c
    3.97895420224480      2.81959745502357      1.25873060563353  c
    5.09707936890749      3.51187349573547     -0.31039081368585  h
    4.92069979562149      2.97742255661662      3.69880853265169  c
    6.76296812342918      3.79750122562020      4.02856603782148  h
   -3.63631657748583      1.25204173351332      0.27549439157525  c
   -6.19028593015488      1.79354441722287      0.34062577623349  c
   -7.33590951274576      1.12910470287922      1.90009475185197  h
   -7.28536667934926      3.19632526211341     -1.58997467574722  c
   -9.27277939122409      3.65842229899825     -1.58741149315082  h
   -5.79650275009652      4.00242085578984     -3.54173411807620  c
   -3.30515003477007      3.46382597659471     -3.60086792536513  n
   -2.18847311540142      2.13645527933842     -1.73774404422424  c
    0.56685372063031      1.49597994025837     -1.80286045587248  c
   -2.33065683186065     -0.29679900877831      2.26380366607335  c
   -2.10918513128091     -3.13288940504480      1.39781256478969  c
   -3.50187479859281     -0.25166756403583      3.96125663048506  h
    0.90819742716250     -1.23890862377931     -2.94776204500533  c
    1.57949843159906      2.81430769213729     -3.01757632595254  h
    4.22167181206510      2.22501240101268      7.61649594690448  h
   -6.53515543001649      5.09081164592810     -5.10033738865270  h
    4.82870560284804     -8.08873247121788      3.43052809743238  h
    4.03932462011304     -6.70739596348956      2.14783280146343  c
    1.60503805909629     -5.81419093087507      2.52301220677780  c
    0.51346486251702     -6.51267452034950      4.10782139117582  h
    0.53629424840571     -4.04540155509647      0.90569733698779  c
    1.95859434714701     -3.15473765325176     -1.13673054491117  c
    4.39703732833735     -4.05484373275624     -1.49648028361552  c
    5.50031213787901     -3.36791183128286     -3.07859413388913  h
    5.44369256081044     -5.82351458325428      0.12779924614467  c
    7.34397259062732     -6.50473760563324     -0.18999408797185  h
    2.17680680258413     -1.08479127309605     -4.56387614938113  h
   -0.89302479931755     -1.90536209304984     -3.71779467738480  h
   -3.29460251729509     -3.43752808278094     -0.26950573218831  h
   -2.94089473121546     -4.30185664233100      2.87538067563921  h
   -1.82108082288937      4.37605186367562     -5.76224614005050  c
   -3.08708677635727      5.21628706838254     -7.13822787424435  h
   -0.83258624657721      2.81400905512368     -6.65585821181300  h
   -0.47312824158577      5.80087617052987     -5.14990082771300  h
$user-defined bonds
$redundant
     number_of_atoms            43
     degrees_of_freedom        123
     internal_coordinates      135
     frozen_coordinates          0
# definitions of redundant internals
   1 k  1.0000000000000 stre   2    3           val=   2.04678
   2 k -0.7071067749956 bend   4    3    2      val=  -0.03451
        0.7071067873775 bend   1    3    2
   3 k  1.0000000000000 outp   3    1    4    2 val=  -0.15417
   4 k  1.0000000000000 stre   6    7           val=   2.04734
   5 k  0.7071067854172 bend   5    7    6      val=   0.18986
       -0.7071067769559 bend   8    7    6
   6 k  1.0000000000000 outp   7    8    5    6 val=   0.33325
   7 k  1.0000000000000 stre   8    9           val=   2.04334
   8 k -0.7071067596953 bend   6    9    8      val=   0.11931
        0.7071068026778 bend   1    9    8
   9 k  1.0000000000000 outp   9    1    6    8 val=  -0.24183
  10 k  1.0000000000000 stre  11   12           val=   2.04594
  11 k -0.7071067800779 bend  10   12   11      val=   0.03775
        0.7071067822952 bend  13   12   11
  12 k  1.0000000000000 outp  12   13   10   11 val=  -0.17181
  13 k  1.0000000000000 stre  13   14           val=   2.04043
  14 k -0.7071067753885 bend  15   14   13      val=   1.15629
        0.7071067869846 bend  11   14   13
  15 k  1.0000000000000 outp  14   11   15   13 val=  -0.11755
  16 k  1.0000000000000 stre  19   21           val=   2.06280
  17 k  0.2124539825279 bend  10   21   19      val=  -0.30747
       -0.7866598736168 bend   4   21   19
        0.5796805573324 bend  20   21   19
  18 k  0.7994269907742 bend  10   21   19      val=   2.04717
       -0.2012224203952 bend   4   21   19
       -0.5660618552349 bend  20   21   19
  19 k  1.0000000000000 stre  18   23           val=   2.05888
  20 k  0.2415547893425 bend  17   23   18      val=   1.01385
       -0.7927090007285 bend   5   23   18
        0.5596996729584 bend  22   23   18
  21 k  0.7922390714313 bend  17   23   18      val=   3.77140
       -0.1719701029934 bend   5   23   18
       -0.5854771877487 bend  22   23   18
  22 k  1.0000000000000 stre   1   24           val=   2.04351
  23 k -0.7071067607808 bend   2   24    1      val=   0.09254
        0.7071068015922 bend   8   24    1
  24 k  1.0000000000000 outp  24    8    2    1 val=   0.23985
  25 k  1.0000000000000 stre  15   25           val=   2.03947
  26 k  0.7071067910282 bend  13   25   15      val=   2.83757
       -0.7071067713449 bend  16   25   15
  27 k  1.0000000000000 outp  25   16   13   15 val=  -0.02429
  28 k  1.0000000000000 stre  27   26           val=   2.04365
  29 k  0.7071067812922 bend  34   26   27      val=   0.21833
       -0.7071067810809 bend  28   26   27
  30 k  1.0000000000000 outp  26   28   34   27 val=   0.04599
  31 k  1.0000000000000 stre  28   29           val=   2.04720
  32 k  0.7071067834518 bend  27   29   28      val=   0.00095
       -0.7071067789213 bend  30   29   28
  33 k  1.0000000000000 outp  29   30   27   28 val=   0.09704
  34 k  1.0000000000000 stre  32   33           val=   2.04748
  35 k  0.7071067908096 bend  34   33   32      val=  -0.04037
       -0.7071067715635 bend  31   33   32
  36 k  1.0000000000000 outp  33   31   34   32 val=  -0.18292
  37 k  1.0000000000000 stre  34   35           val=   2.04356
  38 k  0.7071067857233 bend  27   35   34      val=   0.22575
       -0.7071067766498 bend  32   35   34
  39 k  1.0000000000000 outp  35   32   27   34 val=  -0.07754
  40 k  1.0000000000000 stre  22   36           val=   2.06033
  41 k  1.0000000000000 stre  22   37           val=   2.06918
  42 k  0.0359800699550 bend  37   36   22      val=   0.48431
       -0.4993001518007 bend  31   36   22
       -0.5095103966031 bend  31   37   22
        0.4890192001751 bend  18   36   22
        0.5006637300536 bend  18   37   22
  43 k  0.0211826808743 bend  37   36   22      val=   0.95536
        0.5357740358329 bend  31   36   22
       -0.5290537880173 bend  31   37   22
        0.4677071756694 bend  18   36   22
       -0.4624387135288 bend  18   37   22
  44 k  0.9092649896813 bend  37   36   22      val=   3.26256
       -0.1973530020899 bend  31   36   22
       -0.1801875098767 bend  31   37   22
       -0.2337241297441 bend  18   36   22
       -0.2172428676981 bend  18   37   22
  45 k  0.0014291703446 bend  37   36   22      val=  -0.20368
       -0.4704952621311 bend  31   36   22
        0.4598454716298 bend  31   37   22
        0.5380843305042 bend  18   36   22
       -0.5269151366888 bend  18   37   22
  46 k  1.0000000000000 stre  20   39           val=   2.05947
  47 k  1.0000000000000 stre  20   38           val=   2.06833
  48 k  0.0373609622511 bend  38   39   20      val=   0.52827
       -0.4963630403654 bend  30   39   20
       -0.5117703861733 bend  30   38   20
        0.4901127185968 bend  19   39   20
        0.5001084737980 bend  19   38   20
  49 k  0.0257465155116 bend  38   39   20      val=   1.13854
        0.5376745928473 bend  30   39   20
       -0.5269527603183 bend  30   38   20
        0.4659588640047 bend  19   39   20
       -0.4641619055823 bend  19   38   20
  50 k  0.9109593541544 bend  38   39   20      val=   3.79222
       -0.1989640457143 bend  30   39   20
       -0.1736348472427 bend  30   38   20
       -0.2320648786261 bend  19   39   20
       -0.2157850678868 bend  19   38   20
  51 k -0.0016127434744 bend  38   39   20      val=   0.14018
       -0.4700130419076 bend  30   39   20
        0.4602799294827 bend  30   38   20
        0.5402170476662 bend  19   39   20
       -0.5247790653422 bend  19   38   20
  52 k  0.4082482904639 tors  41   40   16   15 val=  83.95249
        0.4082482904639 tors  41   40   16   17
        0.4082482904639 tors  42   40   16   15
        0.4082482904639 tors  42   40   16   17
        0.4082482904639 tors  43   40   16   15
        0.4082482904639 tors  43   40   16   17
  53 k  1.0000000000000 stre  40   41           val=   2.04990
  54 k  1.0000000000000 stre  40   42           val=   2.05320
  55 k  1.0000000000000 stre  40   43           val=   2.05477
  56 k  0.3884000497047 bend  42   41   40      val=  -0.36496
        0.3940922060665 bend  43   41   40
        0.4412798961420 bend  43   42   40
       -0.4210784478364 bend  16   41   40
       -0.4028463997552 bend  16   42   40
       -0.3993951761601 bend  16   43   40
  57 k  0.6135955537495 bend  42   41   40      val=   0.02876
       -0.5768550082252 bend  43   41   40
       -0.0273781793824 bend  43   42   40
        0.0167914045162 bend  16   41   40
        0.3685981684440 bend  16   42   40
       -0.3922278293952 bend  16   43   40
  58 k  0.3423863287247 bend  42   41   40      val=   0.41709
        0.3954823107356 bend  43   41   40
       -0.6739802137364 bend  43   42   40
        0.4111393356457 bend  16   41   40
       -0.2430500578120 bend  16   42   40
       -0.2097787676861 bend  16   43   40
  59 k  0.3334446647128 bend  42   41   40      val=  -0.04615
       -0.4143732132415 bend  43   41   40
        0.0794825584315 bend  43   42   40
        0.1320469692404 bend  16   41   40
       -0.6503654396787 bend  16   42   40
        0.5199811644797 bend  16   43   40
  60 k -0.2835251421581 bend  42   41   40      val=   0.05478
       -0.1394977277113 bend  43   41   40
        0.4156009438502 bend  43   42   40
        0.6877010334135 bend  16   41   40
       -0.2264767208851 bend  16   42   40
       -0.4507830040469 bend  16   43   40
  61 k  1.0000000000000 stre  16   40           val=   2.77600
  62 k  0.7071068186001 bend  17   40   16      val=   1.17093
       -0.7071067437730 bend  15   40   16
  63 k  1.0000000000000 outp  40   15   17   16 val=   0.19604
  64 k  1.0000000000000 stre   4    2           val=   2.61763
  65 k  1.0000000000000 stre   2    1           val=   2.62073
  66 k  1.0000000000000 stre   1    8           val=   2.61975
  67 k  1.0000000000000 stre   8    6           val=   2.62026
  68 k  1.0000000000000 stre   6    5           val=   2.61842
  69 k -0.2886751345948 bend   5    2    4      val=   0.04783
       -0.2886751345948 bend   4    1    2
        0.5773502691896 bend   2    8    1
       -0.2886751345948 bend   1    6    8
       -0.2886751345948 bend   8    5    6
        0.5773502691896 bend   6    4    5
  70 k  0.5000000000000 bend   5    2    4      val=  -0.08626
       -0.5000000000000 bend   4    1    2
        0.5000000000000 bend   1    6    8
       -0.5000000000000 bend   8    5    6
  71 k -0.4082482904639 bend   5    2    4      val=   0.04460
        0.4082482904639 bend   4    1    2
       -0.4082482904639 bend   2    8    1
        0.4082482904639 bend   1    6    8
       -0.4082482904639 bend   8    5    6
        0.4082482904639 bend   6    4    5
  72 k -0.2886751345948 tors   4    2    1    8 val=  -0.29625
       -0.2886751345948 tors   2    1    8    6
        0.5773502691896 tors   1    8    6    5
       -0.2886751345948 tors   8    6    5    4
       -0.2886751345948 tors   6    5    4    2
        0.5773502691896 tors   5    4    2    1
  73 k  0.5000000000000 tors   4    2    1    8 val=   0.13821
       -0.5000000000000 tors   2    1    8    6
        0.5000000000000 tors   8    6    5    4
       -0.5000000000000 tors   6    5    4    2
  74 k -0.4082482904639 tors   4    2    1    8 val=   0.00502
        0.4082482904639 tors   2    1    8    6
       -0.4082482904639 tors   1    8    6    5
        0.4082482904639 tors   8    6    5    4
       -0.4082482904639 tors   6    5    4    2
        0.4082482904639 tors   5    4    2    1
  75 k  0.7071067811865 tors  18    5    4    6 val= 178.73780
        0.7071067811865 tors  19    5    4    2
  76 k  1.0000000000000 stre  10   11           val=   2.61156
  77 k  1.0000000000000 stre  11   13           val=   2.62568
  78 k  1.0000000000000 stre  13   15           val=   2.58377
  79 k  1.0000000000000 stre  15   16           val=   2.54959
  80 k  1.0000000000000 stre  16   17           val=   2.54561
  81 k -0.2886751345948 bend  17   11   10      val=  -0.60666
       -0.2886751345948 bend  10   13   11
        0.5773502691896 bend  11   15   13
       -0.2886751345948 bend  13   16   15
       -0.2886751345948 bend  15   17   16
        0.5773502691896 bend  16   10   17
  82 k  0.5000000000000 bend  17   11   10      val=  -0.33512
       -0.5000000000000 bend  10   13   11
        0.5000000000000 bend  13   16   15
       -0.5000000000000 bend  15   17   16
  83 k -0.4082482904639 bend  17   11   10      val=   0.19336
        0.4082482904639 bend  10   13   11
       -0.4082482904639 bend  11   15   13
        0.4082482904639 bend  13   16   15
       -0.4082482904639 bend  15   17   16
        0.4082482904639 bend  16   10   17
  84 k -0.2886751345948 tors  10   11   13   15 val=  -0.13870
       -0.2886751345948 tors  11   13   15   16
        0.5773502691896 tors  13   15   16   17
       -0.2886751345948 tors  15   16   17   10
       -0.2886751345948 tors  16   17   10   11
        0.5773502691896 tors  17   10   11   13
  85 k  0.5000000000000 tors  10   11   13   15 val=   0.78414
       -0.5000000000000 tors  11   13   15   16
        0.5000000000000 tors  15   16   17   10
       -0.5000000000000 tors  16   17   10   11
  86 k -0.4082482904639 tors  10   11   13   15 val=   0.39764
        0.4082482904639 tors  11   13   15   16
       -0.4082482904639 tors  13   15   16   17
        0.4082482904639 tors  15   16   17   10
       -0.4082482904639 tors  16   17   10   11
        0.4082482904639 tors  17   10   11   13
  87 k  0.7071067811865 tors  18   17   10   16 val= 181.56706
        0.7071067811865 tors  19   17   10   11
  88 k  1.0000000000000 stre  30   28           val=   2.62422
  89 k  1.0000000000000 stre  28   27           val=   2.61999
  90 k  1.0000000000000 stre  27   34           val=   2.61420
  91 k  1.0000000000000 stre  34   32           val=   2.61954
  92 k  1.0000000000000 stre  32   31           val=   2.62405
  93 k -0.2886751345948 bend  31   28   30      val=  -0.37456
       -0.2886751345948 bend  30   27   28
        0.5773502691896 bend  28   34   27
       -0.2886751345948 bend  27   32   34
       -0.2886751345948 bend  34   31   32
        0.5773502691896 bend  32   30   31
  94 k  0.5000000000000 bend  31   28   30      val=  -1.00953
       -0.5000000000000 bend  30   27   28
        0.5000000000000 bend  27   32   34
       -0.5000000000000 bend  34   31   32
  95 k -0.4082482904639 bend  31   28   30      val=   0.07131
        0.4082482904639 bend  30   27   28
       -0.4082482904639 bend  28   34   27
        0.4082482904639 bend  27   32   34
       -0.4082482904639 bend  34   31   32
        0.4082482904639 bend  32   30   31
  96 k -0.2886751345948 tors  30   28   27   34 val=  -0.07399
       -0.2886751345948 tors  28   27   34   32
        0.5773502691896 tors  27   34   32   31
       -0.2886751345948 tors  34   32   31   30
       -0.2886751345948 tors  32   31   30   28
        0.5773502691896 tors  31   30   28   27
  97 k  0.5000000000000 tors  30   28   27   34 val=   0.08359
       -0.5000000000000 tors  28   27   34   32
        0.5000000000000 tors  34   32   31   30
       -0.5000000000000 tors  32   31   30   28
  98 k -0.4082482904639 tors  30   28   27   34 val=   0.02336
        0.4082482904639 tors  28   27   34   32
       -0.4082482904639 tors  27   34   32   31
        0.4082482904639 tors  34   32   31   30
       -0.4082482904639 tors  32   31   30   28
        0.4082482904639 tors  31   30   28   27
  99 k  0.7071067811865 tors  22   31   30   32 val= 180.18157
        0.7071067811865 tors  20   31   30   28
 100 k  1.0000000000000 stre   4    5           val=   2.62761
 101 k  1.0000000000000 stre   4   19           val=   2.84118
 102 k  1.0000000000000 stre   5   18           val=   2.84952
 103 k  1.0000000000000 stre  10   17           val=   2.63279
 104 k  1.0000000000000 stre  10   19           val=   2.83849
 105 k  1.0000000000000 stre  17   18           val=   2.82954
 106 k  1.0000000000000 stre  18   22           val=   2.98445
 107 k  1.0000000000000 stre  19   20           val=   2.97362
 108 k  1.0000000000000 stre  20   30           val=   2.84138
 109 k  1.0000000000000 stre  22   31           val=   2.83788
 110 k  1.0000000000000 stre  30   31           val=   2.64343
 111 k  1.0000000000000 bend  19    5    4      val= 117.70487
 112 k  1.0000000000000 bend  18    4    5      val= 118.43606
 113 k  1.0000000000000 bend  19   17   10      val= 117.77394
 114 k  1.0000000000000 bend  18   10   17      val= 118.49393
 115 k -0.8136224121609 bend   5   17   18      val=   1.84058
        0.4326495407428 bend  22   17   18
        0.3883721737258 bend  22    5   18
 116 k -0.0028006379460 bend   5   17   18      val=   7.52632
       -0.6709109372609 bend  22   17   18
        0.7415326497807 bend  22    5   18
 117 k  0.5813868994538 bend   5   17   18      val= 110.30355
        0.6022398933638 bend  22   17   18
        0.5470798698404 bend  22    5   18
 118 k -0.8139157239805 bend   4   10   19      val=   1.80941
        0.3978455718827 bend  20   10   19
        0.4233911845926 bend  20    4   19
 119 k  0.0261338459148 bend   4   10   19      val=   3.70545
       -0.7029411719965 bend  20   10   19
        0.7107677052384 bend  20    4   19
 120 k  0.5803948796768 bend   4   10   19      val= 110.78042
        0.5895698513709 bend  20   10   19
        0.5617376380477 bend  20    4   19
 121 k  1.0000000000000 bend  19   30   20      val= 115.21914
 122 k  1.0000000000000 bend  18   31   22      val= 114.59240
 123 k  1.0000000000000 bend  20   31   30      val= 121.77377
 124 k  1.0000000000000 bend  22   30   31      val= 121.42506
 125 k  1.0000000000000 tors  18    5    4   19 val=  -0.11242
 126 k  0.7071067811865 tors  10   19    4    5 val=  19.80880
        0.7071067811865 tors  20   19    4    5
 127 k  0.7071067811865 tors  17   18    5    4 val= -19.03036
        0.7071067811865 tors  22   18    5    4
 128 k  1.0000000000000 tors  18   17   10   19 val=   0.00744
 129 k  0.7071067811865 tors   4   19   10   17 val= -20.31677
        0.7071067811865 tors  20   19   10   17
 130 k  0.7071067811865 tors   5   18   17   10 val=  20.46235
        0.7071067811865 tors  22   18   17   10
 131 k  0.7071067811865 tors  31   22   18    5 val= 125.63833
        0.7071067811865 tors  31   22   18   17
 132 k  0.7071067811865 tors  30   20   19    4 val=  51.92092
        0.7071067811865 tors  30   20   19   10
 133 k  1.0000000000000 tors  31   30   20   19 val= -68.60014
 134 k  1.0000000000000 tors  30   31   22   18 val=  69.93863
 135 k  1.0000000000000 tors  22   31   30   20 val=  -0.09301
       123 non zero eigenvalues  of BmBt
           1          10.319030427    1    0
         1
           2          10.114163328    2    0
         2
           3          10.076106154    3    0
         3
           4           5.333100559    4    0
         4
           5           5.302834188    5    0
         5
           6           5.179680456    6    0
         6
           7           4.258321759    7    0
         7
           8           4.200385253    8    0
         8
           9           4.190674953    9    0
         9
          10           4.172521334   10    0
        10
          11           4.069114134   11    0
        11
          12           4.064953443   12    0
        12
          13           3.952260302   13    0
        13
          14           3.681562368   14    0
        14
          15           3.567776266   15    0
        15
          16           3.531721153   16    0
        16
          17           3.502303825   17    0
        17
          18           3.450053698   18    0
        18
          19           3.431716148   19    0
        19
          20           3.157358662   20    0
        20
          21           3.155700343   21    0
        21
          22           3.149928855   22    0
        22
          23           3.052036481   23    0
        23
          24           2.886387652   24    0
        24
          25           2.873667303   25    0
        25
          26           2.851637053   26    0
        26
          27           2.683710815   27    0
        27
          28           2.672590050   28    0
        28
          29           2.655447873   29    0
        29
          30           2.641146036   30    0
        30
          31           2.584297239   31    0
        31
          32           2.207569411   32    0
        32
          33           2.187006430   33    0
        33
          34           2.126501545   34    0
        34
          35           2.076832404   35    0
        35
          36           2.054243370   36    0
        36
          37           1.807102558   37    0
        37
          38           1.806063957   38    0
        38
          39           1.780165477   39    0
        39
          40           1.731854640   40    0
        40
          41           1.730002736   41    0
        41
          42           1.682959464   42    0
        42
          43           1.565857511   43    0
        43
          44           1.419634930   44    0
        44
          45           1.374767545   45    0
        45
          46           1.159751323   46    0
        46
          47           1.131811188   47    0
        47
          48           1.106679658   48    0
        48
          49           1.082614575   49    0
        49
          50           1.055966682   50    0
        50
          51           0.983894052   51    0
        51
          52           0.946370298   52    0
        52
          53           0.925842071   53    0
        53
          54           0.873536943   54    0
        54
          55           0.841639127   55    0
        55
          56           0.839560638   56    0
        56
          57           0.809886197   57    0
        57
          58           0.750076746   58    0
        58
          59           0.744954138   59    0
        59
          60           0.730525587   60    0
        60
          61           0.729374422   61    0
        61
          62           0.718509062   62    0
        62
          63           0.711996506   63    0
        63
          64           0.703132650   64    0
        64
          65           0.700821560   65    0
        65
          66           0.682027325   66    0
        66
          67           0.653195480   67    0
        67
          68           0.501530008   68    0
        68
          69           0.452320792   69    0
        69
          70           0.439775965   70    0
        70
          71           0.437971595   71    0
        71
          72           0.425584471   72    0
        72
          73           0.400782006   73    0
        73
          74           0.390996808   74    0
        74
          75           0.384986117   75    0
        75
          76           0.380281880   76    0
        76
          77           0.379917304   77    0
        77
          78           0.376219023   78    0
        78
          79           0.365847418   79    0
        79
          80           0.361731668   80    0
        80
          81           0.353324834   81    0
        81
          82           0.345813753   82    0
        82
          83           0.337515522   83    0
        83
          84           0.324636788   84    0
        84
          85           0.312153494   85    0
        85
          86           0.311754447   86    0
        86
          87           0.308230331   87    0
        87
          88           0.301403512   88    0
        88
          89           0.294489790   89    0
        89
          90           0.271158185   90    0
        90
          91           0.223292611   91    0
        91
          92           0.186116769   92    0
        92
          93           0.129596296   93    0
        93
          94           0.129283654   94    0
        94
          95           0.116767867   95    0
        95
          96           0.086726568   96    0
        96
          97           0.084357617   97    0
        97
          98           0.081121913   98    0
        98
          99           0.037280867   99    0
        99
         100           1.558743609  100    0
       100
         101           1.360268093  101    0
       101
         102           1.193223859  102    0
       102
         103           0.876382270  103    0
       103
         104           0.596683695  104    0
       104
         105           0.581205086  105    0
       105
         106           0.331786283  106    0
       106
         107           0.315722968  107    0
       107
         108           0.264272882  108    0
       108
         109           0.229045750  109    0
       109
         110           0.213853423  110    0
       110
         111           0.213485848    0    0
         0.000000000         0.000000000         0.000000000         0.000000000
         0.000000000         0.000000000         0.000000000         0.000000000
         0.000000000         0.000000000         0.000000000         0.000000000
         0.000000000         0.000000000         0.000000000         0.000000000
         0.000000000         0.000000000         0.000000000         0.000000000
         0.000000000         0.000000000         0.000000000         0.000000000
         0.000000000         0.000000000         0.000000000         0.000000000
         0.000000000         0.000000000         0.000000000         0.000000000
         0.000000000         0.000000000         0.000000000         0.000000000
         0.000000000         0.000000000         0.000000000         0.000000000
         0.000000000         0.000000000         0.000000000         0.000000000
         0.000000000         0.000000000         0.000000000         0.000000000
         0.000000000         0.000000000         0.000000000         0.000000000
         0.000000000         0.000000000         0.000000000         0.000000000
         0.000000000         0.000000000         0.000000000         0.000000000
         0.000000000         0.000000000         0.000000000         0.000000000
         0.000000000         0.000000000         0.000000000         0.000000000
         0.000000000         0.000000000         0.000000000         0.000000000
         0.000000000         0.000000000         0.000000000         0.000000000
         0.000000000         0.000000000         0.000000000         0.000000000
         0.000000000         0.000000000         0.000000000         0.000000000
         0.000000000         0.000000000         0.000000000         0.000000000
         0.000000000         0.000000000         0.000000000         0.000000000
         0.000000000         0.000000000         0.000000000         0.000000000
         0.000000000         0.000000000         0.000000000         0.000000000
         0.000000000         0.000000000         0.000000000         0.000000000
         0.000000000         0.000000000         0.000000000         0.000000000
         0.000000000         0.000000000         0.251357041        -0.159053494
         0.267692984        -0.175460082         0.253911853         0.139727843
         0.303321018        -0.209525198        -0.145066068        -0.444924863
         0.460871599        -0.383381689        -0.074089379         0.072805343
         0.000000000         0.000000000         0.000000000         0.000000000
         0.000000000         0.000000000         0.000000000         0.000000000
         0.000000000         0.000000000         0.000000000
         112           0.190211845    0    0
         0.000000000         0.000000000         0.000000000         0.000000000
         0.000000000         0.000000000         0.000000000         0.000000000
         0.000000000         0.000000000         0.000000000         0.000000000
         0.000000000         0.000000000         0.000000000         0.000000000
         0.000000000         0.000000000         0.000000000         0.000000000
         0.000000000         0.000000000         0.000000000         0.000000000
         0.000000000         0.000000000         0.000000000         0.000000000
         0.000000000         0.000000000         0.000000000         0.000000000
         0.000000000         0.000000000         0.000000000         0.000000000
         0.000000000         0.000000000         0.000000000         0.000000000
         0.000000000         0.000000000         0.000000000         0.000000000
         0.000000000         0.000000000         0.000000000         0.000000000
         0.000000000         0.000000000         0.000000000         0.000000000
         0.000000000         0.000000000         0.000000000         0.000000000
         0.000000000         0.000000000         0.000000000         0.000000000
         0.000000000         0.000000000         0.000000000         0.000000000
         0.000000000         0.000000000         0.000000000         0.000000000
         0.000000000         0.000000000         0.000000000         0.000000000
         0.000000000         0.000000000         0.000000000         0.000000000
         0.000000000         0.000000000         0.000000000         0.000000000
         0.000000000         0.000000000         0.000000000         0.000000000
         0.000000000         0.000000000         0.000000000         0.000000000
         0.000000000         0.000000000         0.000000000         0.000000000
         0.000000000         0.000000000         0.000000000         0.000000000
         0.000000000         0.000000000         0.000000000         0.000000000
         0.000000000         0.000000000         0.000000000         0.000000000
         0.000000000         0.000000000         0.000000000         0.000000000
         0.000000000         0.000000000         0.246508615         0.315025956
         0.286405315         0.278866452         0.100399007        -0.198880194
        -0.491162494         0.206054410        -0.148401771        -0.382314283
         0.221903662         0.358982664        -0.003992028        -0.023501462
         0.000000000         0.000000000         0.000000000         0.000000000
         0.000000000         0.000000000         0.000000000         0.000000000
         0.000000000         0.000000000         0.000000000
         113           0.087732413    0    0
         0.000000000         0.000000000         0.000000000         0.000000000
         0.000000000         0.000000000         0.000000000         0.000000000
         0.000000000         0.000000000         0.000000000         0.000000000
         0.000000000         0.000000000         0.000000000         0.000000000
         0.000000000         0.000000000         0.000000000         0.000000000
         0.000000000         0.000000000         0.000000000         0.000000000
         0.000000000         0.000000000         0.000000000         0.000000000
         0.000000000         0.000000000         0.000000000         0.000000000
         0.000000000         0.000000000         0.000000000         0.000000000
         0.000000000         0.000000000         0.000000000         0.000000000
         0.000000000         0.000000000         0.000000000         0.000000000
         0.000000000         0.000000000         0.000000000         0.000000000
         0.000000000         0.000000000         0.000000000         0.000000000
         0.000000000         0.000000000         0.000000000         0.000000000
         0.000000000         0.000000000         0.000000000         0.000000000
         0.000000000         0.000000000         0.000000000         0.000000000
         0.000000000         0.000000000         0.000000000         0.000000000
         0.000000000         0.000000000         0.000000000         0.000000000
         0.000000000         0.000000000         0.000000000         0.000000000
         0.000000000         0.000000000         0.000000000         0.000000000
         0.000000000         0.000000000         0.000000000         0.000000000
         0.000000000         0.000000000         0.000000000         0.000000000
         0.000000000         0.000000000         0.000000000         0.000000000
         0.000000000         0.000000000         0.000000000         0.000000000
         0.000000000         0.000000000         0.000000000         0.000000000
         0.000000000         0.000000000         0.000000000         0.000000000
         0.000000000         0.000000000         0.000000000         0.000000000
         0.000000000         0.000000000        -0.605487653         0.638053571
         0.244439952        -0.214314665         0.186344090         0.150886584
        -0.079880965        -0.131754314        -0.034781971         0.048243253
         0.062795998        -0.175134050         0.029238218         0.018769271
         0.000000000         0.000000000         0.000000000         0.000000000
         0.000000000         0.000000000         0.000000000         0.000000000
         0.000000000         0.000000000         0.000000000
         114           0.076616252    0    0
         0.000000000         0.000000000         0.000000000         0.000000000
         0.000000000         0.000000000         0.000000000         0.000000000
         0.000000000         0.000000000         0.000000000         0.000000000
         0.000000000         0.000000000         0.000000000         0.000000000
         0.000000000         0.000000000         0.000000000         0.000000000
         0.000000000         0.000000000         0.000000000         0.000000000
         0.000000000         0.000000000         0.000000000         0.000000000
         0.000000000         0.000000000         0.000000000         0.000000000
         0.000000000         0.000000000         0.000000000         0.000000000
         0.000000000         0.000000000         0.000000000         0.000000000
         0.000000000         0.000000000         0.000000000         0.000000000
         0.000000000         0.000000000         0.000000000         0.000000000
         0.000000000         0.000000000         0.000000000         0.000000000
         0.000000000         0.000000000         0.000000000         0.000000000
         0.000000000         0.000000000         0.000000000         0.000000000
         0.000000000         0.000000000         0.000000000         0.000000000
         0.000000000         0.000000000         0.000000000         0.000000000
         0.000000000         0.000000000         0.000000000         0.000000000
         0.000000000         0.000000000         0.000000000         0.000000000
         0.000000000         0.000000000         0.000000000         0.000000000
         0.000000000         0.000000000         0.000000000         0.000000000
         0.000000000         0.000000000         0.000000000         0.000000000
         0.000000000         0.000000000         0.000000000         0.000000000
         0.000000000         0.000000000         0.000000000         0.000000000
         0.000000000         0.000000000         0.000000000         0.000000000
         0.000000000         0.000000000         0.000000000         0.000000000
         0.000000000         0.000000000         0.000000000         0.000000000
         0.000000000         0.000000000         0.237763974         0.037646507
         0.292984033        -0.016819828         0.120151778         0.348657532
        -0.098822976         0.404712255         0.384792142        -0.128612189
        -0.458390028        -0.307769151         0.240424230         0.138270758
         0.000000000         0.000000000         0.000000000         0.000000000
         0.000000000         0.000000000         0.000000000         0.000000000
         0.000000000         0.000000000         0.000000000
         115           0.068454847    0    0
         0.000000000         0.000000000         0.000000000         0.000000000
         0.000000000         0.000000000         0.000000000         0.000000000
         0.000000000         0.000000000         0.000000000         0.000000000
         0.000000000         0.000000000         0.000000000         0.000000000
         0.000000000         0.000000000         0.000000000         0.000000000
         0.000000000         0.000000000         0.000000000         0.000000000
         0.000000000         0.000000000         0.000000000         0.000000000
         0.000000000         0.000000000         0.000000000         0.000000000
         0.000000000         0.000000000         0.000000000         0.000000000
         0.000000000         0.000000000         0.000000000         0.000000000
         0.000000000         0.000000000         0.000000000         0.000000000
         0.000000000         0.000000000         0.000000000         0.000000000
         0.000000000         0.000000000         0.000000000         0.000000000
         0.000000000         0.000000000         0.000000000         0.000000000
         0.000000000         0.000000000         0.000000000         0.000000000
         0.000000000         0.000000000         0.000000000         0.000000000
         0.000000000         0.000000000         0.000000000         0.000000000
         0.000000000         0.000000000         0.000000000         0.000000000
         0.000000000         0.000000000         0.000000000         0.000000000
         0.000000000         0.000000000         0.000000000         0.000000000
         0.000000000         0.000000000         0.000000000         0.000000000
         0.000000000         0.000000000         0.000000000         0.000000000
         0.000000000         0.000000000         0.000000000         0.000000000
         0.000000000         0.000000000         0.000000000         0.000000000
         0.000000000         0.000000000         0.000000000         0.000000000
         0.000000000         0.000000000         0.000000000         0.000000000
         0.000000000         0.000000000         0.000000000         0.000000000
         0.000000000         0.000000000        -0.017207557         0.033256808
         0.014794728         0.001225031        -0.008220303        -0.119216799
        -0.038840957         0.050147153         0.170301280         0.032336340
        -0.039503755        -0.008047707        -0.674432914         0.702524513
         0.000000000         0.000000000         0.000000000         0.000000000
         0.000000000         0.000000000         0.000000000         0.000000000
         0.000000000         0.000000000         0.000000000
         116           0.043029013    0    0
         0.000000000         0.000000000         0.000000000         0.000000000
         0.000000000         0.000000000         0.000000000         0.000000000
         0.000000000         0.000000000         0.000000000         0.000000000
         0.000000000         0.000000000         0.000000000         0.000000000
         0.000000000         0.000000000         0.000000000         0.000000000
         0.000000000         0.000000000         0.000000000         0.000000000
         0.000000000         0.000000000         0.000000000         0.000000000
         0.000000000         0.000000000         0.000000000         0.000000000
         0.000000000         0.000000000         0.000000000         0.000000000
         0.000000000         0.000000000         0.000000000         0.000000000
         0.000000000         0.000000000         0.000000000         0.000000000
         0.000000000         0.000000000         0.000000000         0.000000000
         0.000000000         0.000000000         0.000000000         0.000000000
         0.000000000         0.000000000         0.000000000         0.000000000
         0.000000000         0.000000000         0.000000000         0.000000000
         0.000000000         0.000000000         0.000000000         0.000000000
         0.000000000         0.000000000         0.000000000         0.000000000
         0.000000000         0.000000000         0.000000000         0.000000000
         0.000000000         0.000000000         0.000000000         0.000000000
         0.000000000         0.000000000         0.000000000         0.000000000
         0.000000000         0.000000000         0.000000000         0.000000000
         0.000000000         0.000000000         0.000000000         0.000000000
         0.000000000         0.000000000         0.000000000         0.000000000
         0.000000000         0.000000000         0.000000000         0.000000000
         0.000000000         0.000000000         0.000000000         0.000000000
         0.000000000         0.000000000         0.000000000         0.000000000
         0.000000000         0.000000000         0.000000000         0.000000000
         0.000000000         0.000000000         0.010715853         0.120156158
        -0.480012132         0.616413308         0.466346944         0.062341967
        -0.074067799        -0.226547798         0.081323656        -0.021314764
         0.006421676        -0.260760515         0.101172224         0.107488414
         0.000000000         0.000000000         0.000000000         0.000000000
         0.000000000         0.000000000         0.000000000         0.000000000
         0.000000000         0.000000000         0.000000000
         117           0.031021343    0    0
         0.000000000         0.000000000         0.000000000         0.000000000
         0.000000000         0.000000000         0.000000000         0.000000000
         0.000000000         0.000000000         0.000000000         0.000000000
         0.000000000         0.000000000         0.000000000         0.000000000
         0.000000000         0.000000000         0.000000000         0.000000000
         0.000000000         0.000000000         0.000000000         0.000000000
         0.000000000         0.000000000         0.000000000         0.000000000
         0.000000000         0.000000000         0.000000000         0.000000000
         0.000000000         0.000000000         0.000000000         0.000000000
         0.000000000         0.000000000         0.000000000         0.000000000
         0.000000000         0.000000000         0.000000000         0.000000000
         0.000000000         0.000000000         0.000000000         0.000000000
         0.000000000         0.000000000         0.000000000         0.000000000
         0.000000000         0.000000000         0.000000000         0.000000000
         0.000000000         0.000000000         0.000000000         0.000000000
         0.000000000         0.000000000         0.000000000         0.000000000
         0.000000000         0.000000000         0.000000000         0.000000000
         0.000000000         0.000000000         0.000000000         0.000000000
         0.000000000         0.000000000         0.000000000         0.000000000
         0.000000000         0.000000000         0.000000000         0.000000000
         0.000000000         0.000000000         0.000000000         0.000000000
         0.000000000         0.000000000         0.000000000         0.000000000
         0.000000000         0.000000000         0.000000000         0.000000000
         0.000000000         0.000000000         0.000000000         0.000000000
         0.000000000         0.000000000         0.000000000         0.000000000
         0.000000000         0.000000000         0.000000000         0.000000000
         0.000000000         0.000000000         0.000000000         0.000000000
         0.000000000         0.000000000        -0.002598497         0.005724234
        -0.047350794         0.050966407        -0.259025737         0.400619491
        -0.212923530        -0.341383396         0.527090865        -0.218587723
         0.091706122         0.094106844        -0.352724702        -0.371974796
         0.000000000         0.000000000         0.000000000         0.000000000
         0.000000000         0.000000000         0.000000000         0.000000000
         0.000000000         0.000000000         0.000000000
         118           0.016091864    0    0
         0.000000000         0.000000000         0.000000000         0.000000000
         0.000000000         0.000000000         0.000000000         0.000000000
         0.000000000         0.000000000         0.000000000         0.000000000
         0.000000000         0.000000000         0.000000000         0.000000000
         0.000000000         0.000000000         0.000000000         0.000000000
         0.000000000         0.000000000         0.000000000         0.000000000
         0.000000000         0.000000000         0.000000000         0.000000000
         0.000000000         0.000000000         0.000000000         0.000000000
         0.000000000         0.000000000         0.000000000         0.000000000
         0.000000000         0.000000000         0.000000000         0.000000000
         0.000000000         0.000000000         0.000000000         0.000000000
         0.000000000         0.000000000         0.000000000         0.000000000
         0.000000000         0.000000000         0.000000000         0.000000000
         0.000000000         0.000000000         0.000000000         0.000000000
         0.000000000         0.000000000         0.000000000         0.000000000
         0.000000000         0.000000000         0.000000000         0.000000000
         0.000000000         0.000000000         0.000000000         0.000000000
         0.000000000         0.000000000         0.000000000         0.000000000
         0.000000000         0.000000000         0.000000000         0.000000000
         0.000000000         0.000000000         0.000000000         0.000000000
         0.000000000         0.000000000         0.000000000         0.000000000
         0.000000000         0.000000000         0.000000000         0.000000000
         0.000000000         0.000000000         0.000000000         0.000000000
         0.000000000         0.000000000         0.000000000         0.000000000
         0.000000000         0.000000000         0.000000000         0.000000000
         0.000000000         0.000000000         0.000000000         0.000000000
         0.000000000         0.000000000         0.000000000         0.000000000
         0.000000000         0.000000000        -0.051009680         0.050582419
         0.102361679        -0.103468497         0.224708460        -0.612818487
         0.284450129        -0.217186075         0.538043572        -0.225526399
        -0.148464290         0.173185252         0.156300364        -0.052116308
         0.000000000         0.000000000         0.000000000         0.000000000
         0.000000000         0.000000000         0.000000000         0.000000000
         0.000000000         0.000000000         0.000000000
         119           0.009180868    0    0
         0.000000000         0.000000000         0.000000000         0.000000000
         0.000000000         0.000000000         0.000000000         0.000000000
         0.000000000         0.000000000         0.000000000         0.000000000
         0.000000000         0.000000000         0.000000000         0.000000000
         0.000000000         0.000000000         0.000000000         0.000000000
         0.000000000         0.000000000         0.000000000         0.000000000
         0.000000000         0.000000000         0.000000000         0.000000000
         0.000000000         0.000000000         0.000000000         0.000000000
         0.000000000         0.000000000         0.000000000         0.000000000
         0.000000000         0.000000000         0.000000000         0.000000000
         0.000000000         0.000000000         0.000000000         0.000000000
         0.000000000         0.000000000         0.000000000         0.000000000
         0.000000000         0.000000000         0.000000000         0.000000000
         0.000000000         0.000000000         0.000000000         0.000000000
         0.000000000         0.000000000         0.000000000         0.000000000
         0.000000000         0.000000000         0.000000000         0.000000000
         0.000000000         0.000000000         0.000000000         0.000000000
         0.000000000         0.000000000         0.000000000         0.000000000
         0.000000000         0.000000000         0.000000000         0.000000000
         0.000000000         0.000000000         0.000000000         0.000000000
         0.000000000         0.000000000         0.000000000         0.000000000
         0.000000000         0.000000000         0.000000000         0.000000000
         0.000000000         0.000000000         0.000000000         0.000000000
         0.000000000         0.000000000         0.000000000         0.000000000
         0.000000000         0.000000000         0.000000000         0.000000000
         0.000000000         0.000000000         0.000000000         0.000000000
         0.000000000         0.000000000         0.000000000         0.000000000
         0.000000000         0.000000000        -0.124183024        -0.083498599
        -0.125688191        -0.083579798         0.507353710         0.061233689
         0.155712935         0.571620806         0.141051269         0.121775548
         0.212426475         0.129891776        -0.337946013        -0.362960200
         0.000000000         0.000000000         0.000000000         0.000000000
         0.000000000         0.000000000         0.000000000         0.000000000
         0.000000000         0.000000000         0.000000000
         120           0.168317135    0    0
         0.000000000         0.000000000         0.000000000         0.000000000
         0.000000000         0.000000000         0.000000000         0.000000000
         0.000000000         0.000000000         0.000000000         0.000000000
         0.000000000         0.000000000         0.000000000         0.000000000
         0.000000000         0.000000000         0.000000000         0.000000000
         0.000000000         0.000000000         0.000000000         0.000000000
         0.000000000         0.000000000         0.000000000         0.000000000
         0.000000000         0.000000000         0.000000000         0.000000000
         0.000000000         0.000000000         0.000000000         0.000000000
         0.000000000         0.000000000         0.000000000         0.000000000
         0.000000000         0.000000000         0.000000000         0.000000000
         0.000000000         0.000000000         0.000000000         0.000000000
         0.000000000         0.000000000         0.000000000         0.000000000
         0.000000000         0.000000000         0.000000000         0.000000000
         0.000000000         0.000000000         0.000000000         0.000000000
         0.000000000         0.000000000         0.000000000         0.000000000
         0.000000000         0.000000000         0.000000000         0.000000000
         0.000000000         0.000000000         0.000000000         0.000000000
         0.000000000         0.000000000         0.000000000         0.000000000
         0.000000000         0.000000000         0.000000000         0.000000000
         0.000000000         0.000000000         0.000000000         0.000000000
         0.000000000         0.000000000         0.000000000         0.000000000
         0.000000000         0.000000000         0.000000000         0.000000000
         0.000000000         0.000000000         0.000000000         0.000000000
         0.000000000         0.000000000         0.000000000         0.000000000
         0.000000000         0.000000000         0.000000000         0.000000000
         0.000000000         0.000000000         0.000000000         0.000000000
         0.000000000         0.000000000         0.000000000         0.000000000
         0.000000000         0.000000000         0.000000000         0.000000000
         0.000000000         0.000000000         0.000000000         0.000000000
         0.000000000         0.000000000         0.000000000         0.000000000
         0.507729191        -0.527724676        -0.565269202        -0.067759652
         0.162841364         0.194482911         0.007283632        -0.028516305
         0.116656917         0.096355478        -0.226928924
         121           0.141234340    0    0
         0.000000000         0.000000000         0.000000000         0.000000000
         0.000000000         0.000000000         0.000000000         0.000000000
         0.000000000         0.000000000         0.000000000         0.000000000
         0.000000000         0.000000000         0.000000000         0.000000000
         0.000000000         0.000000000         0.000000000         0.000000000
         0.000000000         0.000000000         0.000000000         0.000000000
         0.000000000         0.000000000         0.000000000         0.000000000
         0.000000000         0.000000000         0.000000000         0.000000000
         0.000000000         0.000000000         0.000000000         0.000000000
         0.000000000         0.000000000         0.000000000         0.000000000
         0.000000000         0.000000000         0.000000000         0.000000000
         0.000000000         0.000000000         0.000000000         0.000000000
         0.000000000         0.000000000         0.000000000         0.000000000
         0.000000000         0.000000000         0.000000000         0.000000000
         0.000000000         0.000000000         0.000000000         0.000000000
         0.000000000         0.000000000         0.000000000         0.000000000
         0.000000000         0.000000000         0.000000000         0.000000000
         0.000000000         0.000000000         0.000000000         0.000000000
         0.000000000         0.000000000         0.000000000         0.000000000
         0.000000000         0.000000000         0.000000000         0.000000000
         0.000000000         0.000000000         0.000000000         0.000000000
         0.000000000         0.000000000         0.000000000         0.000000000
         0.000000000         0.000000000         0.000000000         0.000000000
         0.000000000         0.000000000         0.000000000         0.000000000
         0.000000000         0.000000000         0.000000000         0.000000000
         0.000000000         0.000000000         0.000000000         0.000000000
         0.000000000         0.000000000         0.000000000         0.000000000
         0.000000000         0.000000000         0.000000000         0.000000000
         0.000000000         0.000000000         0.000000000         0.000000000
         0.000000000         0.000000000         0.000000000         0.000000000
         0.000000000         0.000000000         0.000000000         0.000000000
        -0.008877848         0.112141487         0.101994809         0.203905433
        -0.274352782        -0.266380337        -0.111362408        -0.136141085
         0.476806198         0.455369231        -0.568767002
         122           0.058466039    0    0
         0.000000000         0.000000000         0.000000000         0.000000000
         0.000000000         0.000000000         0.000000000         0.000000000
         0.000000000         0.000000000         0.000000000         0.000000000
         0.000000000         0.000000000         0.000000000         0.000000000
         0.000000000         0.000000000         0.000000000         0.000000000
         0.000000000         0.000000000         0.000000000         0.000000000
         0.000000000         0.000000000         0.000000000         0.000000000
         0.000000000         0.000000000         0.000000000         0.000000000
         0.000000000         0.000000000         0.000000000         0.000000000
         0.000000000         0.000000000         0.000000000         0.000000000
         0.000000000         0.000000000         0.000000000         0.000000000
         0.000000000         0.000000000         0.000000000         0.000000000
         0.000000000         0.000000000         0.000000000         0.000000000
         0.000000000         0.000000000         0.000000000         0.000000000
         0.000000000         0.000000000         0.000000000         0.000000000
         0.000000000         0.000000000         0.000000000         0.000000000
         0.000000000         0.000000000         0.000000000         0.000000000
         0.000000000         0.000000000         0.000000000         0.000000000
         0.000000000         0.000000000         0.000000000         0.000000000
         0.000000000         0.000000000         0.000000000         0.000000000
         0.000000000         0.000000000         0.000000000         0.000000000
         0.000000000         0.000000000         0.000000000         0.000000000
         0.000000000         0.000000000         0.000000000         0.000000000
         0.000000000         0.000000000         0.000000000         0.000000000
         0.000000000         0.000000000         0.000000000         0.000000000
         0.000000000         0.000000000         0.000000000         0.000000000
         0.000000000         0.000000000         0.000000000         0.000000000
         0.000000000         0.000000000         0.000000000         0.000000000
         0.000000000         0.000000000         0.000000000         0.000000000
         0.000000000         0.000000000         0.000000000         0.000000000
         0.000000000         0.000000000         0.000000000         0.000000000
         0.282373496        -0.148289854        -0.141485000         0.496133615
        -0.430423480        -0.442421156        -0.179007924        -0.190008317
        -0.139796516        -0.153869135         0.373820990
         123           0.019228007    0    0
         0.000000000         0.000000000         0.000000000         0.000000000
         0.000000000         0.000000000         0.000000000         0.000000000
         0.000000000         0.000000000         0.000000000         0.000000000
         0.000000000         0.000000000         0.000000000         0.000000000
         0.000000000         0.000000000         0.000000000         0.000000000
         0.000000000         0.000000000         0.000000000         0.000000000
         0.000000000         0.000000000         0.000000000         0.000000000
         0.000000000         0.000000000         0.000000000         0.000000000
         0.000000000         0.000000000         0.000000000         0.000000000
         0.000000000         0.000000000         0.000000000         0.000000000
         0.000000000         0.000000000         0.000000000         0.000000000
         0.000000000         0.000000000         0.000000000         0.000000000
         0.000000000         0.000000000         0.000000000         0.000000000
         0.000000000         0.000000000         0.000000000         0.000000000
         0.000000000         0.000000000         0.000000000         0.000000000
         0.000000000         0.000000000         0.000000000         0.000000000
         0.000000000         0.000000000         0.000000000         0.000000000
         0.000000000         0.000000000         0.000000000         0.000000000
         0.000000000         0.000000000         0.000000000         0.000000000
         0.000000000         0.000000000         0.000000000         0.000000000
         0.000000000         0.000000000         0.000000000         0.000000000
         0.000000000         0.000000000         0.000000000         0.000000000
         0.000000000         0.000000000         0.000000000         0.000000000
         0.000000000         0.000000000         0.000000000         0.000000000
         0.000000000         0.000000000         0.000000000         0.000000000
         0.000000000         0.000000000         0.000000000         0.000000000
         0.000000000         0.000000000         0.000000000         0.000000000
         0.000000000         0.000000000         0.000000000         0.000000000
         0.000000000         0.000000000         0.000000000         0.000000000
         0.000000000         0.000000000         0.000000000         0.000000000
         0.000000000         0.000000000         0.000000000         0.000000000
         0.019236346        -0.106851482         0.065571462         0.012351133
         0.148842571        -0.169261483        -0.484600470         0.508199462
        -0.458449600         0.478559356        -0.025643625
$end
