$coord
    2.33856742426035      4.18710623507671     -5.42391435146148      f
    1.10747374114356      2.03891642591118     -5.44301501413418      c
    2.49801339020409     -0.00330447794036     -5.52090789672497      n
    1.12226392136435     -2.05712013546521     -5.50646911005346      c
    2.36891555131046     -4.19574183065995     -5.55040095049303      f
   -1.34192385533697     -2.23815337529989     -5.60293479373883      n
   -2.43307283822410     -0.02134329075361     -5.52494039273253      c
   -4.90873882601095     -0.02918371384693     -5.59532339660709      f
   -1.35806247421947      2.20485653551891     -5.53086775513497      n
   -1.20819867809071     -2.19132185577920      5.64035862099549      n
   -2.28614108873072      0.03233884570385      5.56137945515784      c
   -4.76003378392933      0.04151908048842      5.66527223614818      f
   -1.19619567269420      2.25153481607582      5.54112328575071      n
    1.26582502981529      2.06845782051285      5.41279339537586      c
    2.51141292323121      4.20816837087939      5.36548680916181      f
    2.64395146863915      0.01696126781331      5.47222825432043      n
    1.25452893898852     -2.02768334371846      5.49940047022865      c
    2.48833516350929     -4.17418947777384      5.53897997854515      f
$user-defined bonds
$end
