$coord
    2.42074049978701      4.19284553757077     -0.54018389817717      f
    1.18102442983584      2.04559431745572     -0.50534576118484      c
    2.56681822323388      0.00000000000000     -0.58477774065866      n
    1.18102442983584     -2.04559431745572     -0.50534576118484      c
    2.42074049978701     -4.19284553757077     -0.54018389817717      f
   -1.28340911161693     -2.22292978821737     -0.58477774065866      n
   -2.36204885967167      0.00000000000000     -0.50534576118484      c
   -4.84148099957401      0.00000000000000     -0.54018389817717      f
   -1.28340911161693      2.22292978821737     -0.58477774065866      n
    0.00000000000000      0.00000000000000      4.89092220006234      cl
$user-defined bonds
$redundant
     number_of_atoms            10
     degrees_of_freedom          6
     internal_coordinates       11
     frozen_coordinates          0
# definitions of redundant internals
   1 k  1.7320508075689 stre   2    1           val=   2.47968
   2 k -0.0484405693727 bend   9    1    2      val= 102.23743
       -0.0484405693727 bend   3    1    2
        1.7306955314202 bend  10    1    2
   3 k  2.4494897427832 stre   2    3           val=   2.47208
   4 k  1.7320508075689 stre   2   10           val=   5.89058
   5 k  1.7320508075689 stre   3   10           val=   6.04747
   6 k  1.7320508075689 bend   3    9    2      val= 128.10977
   7 k  1.7320508075689 bend   4    2    3      val= 111.68113
   8 k  0.9427522489146 bend   4    2   10      val=  44.43441
        1.1101467566116 bend   6    2   10
        0.9374392652067 bend   6    3   10
   9 k -1.2235289987394 bend   4    2   10      val=   1.36149
        0.0038081912831 bend   6    2   10
        1.2259536234797 bend   6    3   10
  10 k  1.2125804990472 outp   7    4    2   10 val= -37.15725
        1.2367896075446 outp   9    6    3   10
  11 k  1.2367896075446 outp   7    4    2   10 val=   0.79366
       -1.2125804990472 outp   9    6    3   10
         6 non zero eigenvalues  of BmBt
           1           2.010128708    1    0
         1
           2           0.399072856    2    0
         2
           3           5.550272790    0    0
         0.000000000         0.000000000        -0.078503101        -0.633832454
        -0.754666371        -0.015718252         0.022494997         0.120230405
         0.006434818        -0.085409758         0.005261189
           4           1.906427075    0    0
         0.000000000         0.000000000        -0.407287276         0.273422458
        -0.192017009        -0.571254293         0.578624335        -0.131922960
        -0.137376151         0.095586569        -0.126239645
           5           0.747540858    0    0
         0.000000000         0.000000000        -0.729790738        -0.413642301
         0.345585307         0.136100666        -0.178519771        -0.288875304
        -0.022594468         0.205314799        -0.019235478
           6           0.498971225    0    0
         0.000000000         0.000000000        -0.347513632         0.574779264
        -0.493555863         0.363650480        -0.290513450        -0.140605423
         0.178574496         0.097212487         0.165882320
$end
