$coord
    3.65765941650681      3.67610314356377     -2.91652772445039      f
    2.47918840551666      1.81113242301893     -4.02445525889991      c
    3.76091405240768     -0.28965722164871     -4.28183595819893      n
    2.42903507394988     -2.06008494376528     -5.37759365635267      c
    3.55773069859981     -4.24143361347784     -5.67605700178063      f
    0.15010094673511     -1.88367900926041     -6.32287246254473      n
   -0.84731540346326      0.34621672480598     -5.93417469427148      c
   -3.12573930462216      0.68330607239012     -6.83083084706439      f
    0.20225738800275      2.30845164941044     -4.85697410674268      n
    1.84473175366164     -0.60259586925457      5.41366852822946      n
    3.06190435585328      1.05936157283436      4.04594144503082      c
    2.50570126316105      3.42970175309681      4.46126545451643      f
    4.85714418209464      0.64097620701348      2.39409403775282      n
    5.32381205061075     -1.77178832493225      2.11105085756921      c
    7.12859499382318     -2.35217991212542      0.52504150876095      f
    4.27833996485310     -3.66705135538725      3.30588689687014      n
    2.50041002998897     -2.92132762882792      4.85706859304933      c
    1.33552614989427     -4.70866839983382      6.10666889568129      f
   -7.67404554481930     -1.53774574337436     -1.31419114185399      f
   -6.26500904835577     -0.07233871636686      0.09518550531345      c
   -6.04470477578396     -0.73769239049457      2.46737761718613      n
   -5.35777042921870      1.94554864285108     -1.00839565903044      n
   -4.59144868781092      0.81099486718920      3.73547833865904      c
   -4.27112121102547      0.28262744043438      6.12781493110828      f
   -3.94911187798176      3.28574241629358      0.52088411126860      c
   -3.51672364151620      2.88583857205232      2.92440788242452      n
   -2.95343407582564      5.33528268823737     -0.43132998983115      f
$user-defined bonds
$end
